0	152	1.382920558334558
0	315	1.252826758709168
0	387	1.9062675489628094
0	393	1.9249436804274218
0	402	3.8417651144886267
1	20	1.7089726463984598
1	24	1.8526088830066674
1	41	2.222987041095571
1	46	0.2581082428637343
1	171	1.6030580972382877
1	180	1.4175958502905641
1	275	1.8173126940544202
1	286	3.3482512409656895
1	310	2.391419768304908
1	399	4.1738136042293075
2	76	1.5229051588800835
2	81	2.484408727741616
2	101	2.04936566282924
2	130	1.2939284553190038
2	251	1.7305872798919297
2	269	2.254786222382915
2	274	2.3312121790078995
2	357	1.3388090786349385
2	374	2.4247560946877
2	437	2.3879086850034676
3	35	2.4229333922185914
3	108	2.51971886616719
3	240	2.8427678092590347
3	377	1.8053747840543752
4	232	3.3285648246735073
4	274	2.3413765608881034
4	315	2.174598976052213
4	341	1.833531951544284
4	402	1.6989944407869335
4	425	1.356326319330318
5	40	1.8153385068880774
5	135	0.12942505531694853
5	158	2.3425757325637315
5	170	2.2750494336658273
5	267	1.5123498206612278
5	379	1.9297951644338767
6	32	2.033932007300951
6	39	1.7204795557377572
6	86	2.0302689820112567
6	145	2.0339282779077985
6	164	1.29996406116824
6	208	2.277477415200696
6	218	3.6226637054879802
6	249	1.2173498769601812
6	254	1.8715326621951434
6	265	1.6829046277630964
6	275	2.1333178252417975
6	279	1.7579691877781716
6	447	1.286223129702014
7	19	1.491780191067206
7	24	4.15342801034153
7	44	1.8223833713788355
7	52	4.388823178037306
7	81	1.9899589309171093
7	149	2.097408891835847
7	163	1.2480205169496712
7	234	2.133178844636804
7	242	1.9210850272694948
7	246	1.7946294901484245
7	275	2.2797233643801094
7	317	1.7813221663395558
7	378	1.7664343079455727
7	384	2.010459785838774
7	449	1.502014433711867
8	52	2.478253875798524
8	67	1.9221357224292133
8	129	2.1376614708009516
8	133	1.8170781284621795
8	200	2.0070568795801424
8	247	1.9552094179297859
8	301	1.5060939154171233
8	329	1.4308319588609648
8	367	1.4717710643837534
9	112	2.2645256605106683
9	122	2.1886592409393475
9	134	2.314433068117988
9	143	2.1113319866224116
9	150	3.328266394848633
9	271	1.532019830544773
10	18	3.944457739734693
10	157	1.2111535167922853
10	168	4.5398994339821
10	169	2.4501370389827066
10	175	1.4036021054279013
10	179	1.328874807735861
10	220	4.2308679028363745
10	391	0.5972447238758681
10	436	1.3636761402289752
11	48	2.2363601641721926
11	74	1.3036056288908526
11	81	2.0897513546529036
11	176	2.336423434962442
11	207	1.906372946997999
11	247	2.095539908367101
11	315	3.3016139197909937
11	324	1.4981571110582572
11	371	1.4045319385076904
11	402	1.6348591214702213
12	25	1.8934540799739188
12	46	1.7023127991260916
12	63	4.205926111496842
12	71	1.6852701765776692
12	162	1.8110868769043287
12	276	2.0242109360215976
12	277	2.557072786300267
12	280	1.5273015938452874
12	312	1.51796804670427
12	333	1.6910606421981091
12	375	4.292785823750883
13	53	2.4855255854517933
13	77	1.3803744423504605
13	96	1.3918834722702615
13	107	1.820170360266823
13	126	1.5656926087006333
13	134	2.474541087876458
13	192	2.485207948535645
13	198	2.478388179699512
14	38	1.426496878812867
14	161	1.8872268511255517
14	353	1.8919821643576635
14	401	1.3601249235126063
15	197	1.2571051985027375
15	328	1.795402282876214
15	342	1.6615866158851746
15	429	1.569419109639096
16	31	2.301583368057874
16	56	2.368765629369426
16	58	1.9491038741767486
16	82	1.6628908104601483
16	209	1.982502477271971
16	283	0.9803931100333891
16	323	3.325901696649611
16	347	3.5781291173503003
16	363	2.177679614139676
17	28	2.2360343609039006
17	158	1.6217557031719647
17	260	1.5120282746925433
17	337	2.3179868051524872
17	342	1.8547159167268799
17	354	3.724743685152384
17	434	2.1521931246248913
18	61	2.2891102390151525
18	137	2.258470640153783
18	175	1.791152795024307
18	187	2.0157836518445604
18	314	1.9133510378300687
18	337	1.3686529741388769
18	355	0.8624045804258693
18	403	1.3284641481557522
19	24	2.0788056389434377
19	84	2.2476417405007334
19	156	2.0006030771990204
19	183	1.398156832973913
19	275	0.3751935382718672
19	278	2.335850647900181
19	289	1.380031030156868
19	441	2.2485889079210235
20	27	2.027613180375724
20	33	2.0311901830714527
20	181	3.4710696621408483
20	185	2.4463093503148774
20	213	2.2926899959379856
20	248	1.6522369440506757
20	253	1.7962449136869643
20	276	1.7651038471910339
20	310	2.040695397594944
21	43	2.185981640127677
21	66	0.8746534285957388
21	77	1.4484466773448725
21	96	1.8637659272234242
21	98	1.582441674190957
21	104	2.1657985986632484
21	111	1.85708804014583
21	209	3.8267017993715884
21	222	1.384948947411439
21	261	2.262343001417184
21	328	2.46123463633468
21	381	2.053671192087943
21	396	4.11379212035712
21	408	2.482299892512202
21	429	4.028756132764292
22	39	2.090878870246061
22	41	1.7810054546832916
22	59	2.187264456392823
22	80	1.8343326214955855
22	125	2.040261661745126
22	139	1.8230615727709827
22	143	1.9184141247032407
22	249	2.023511993331807
22	254	1.981878428543133
22	275	1.4473390132345856
22	279	1.8816266216709896
22	331	2.011732967119659
22	343	1.7053012091897557
22	418	2.0801830388903864
23	53	1.4601574912468325
23	77	1.5443718142357254
23	129	1.3912498796374562
23	134	2.056347073357931
23	313	2.1065923665226602
23	330	1.5987833891878769
23	366	2.257437114341574
23	381	4.45417048085795
23	388	2.3946801848006043
23	390	1.6006765936173661
23	396	1.4113333345580974
23	435	1.6549964756507
24	58	1.8899575516135
24	69	1.3954630612680052
24	89	1.9239172823696156
24	159	3.5242492185394543
24	234	4.356815629382699
24	449	2.3121890349323726
25	75	2.291243299030027
25	100	2.206690730958371
25	148	1.2837985198112074
25	172	1.7719621922094153
25	182	3.8299589021789906
25	194	1.4511842676469762
25	209	1.7383440939429546
25	217	2.4971073111623907
25	276	1.8343420518645859
25	280	1.259597031870997
25	375	1.3709945807059736
26	174	1.3653535488249677
26	261	1.4720969427263866
26	309	2.2444079683257936
26	329	1.499723404029779
26	366	1.9056038515613127
26	386	2.320832275208888
26	390	1.506160999198909
27	36	2.742969525081942
27	57	2.299173623860389
27	114	1.3707919967210178
27	163	1.3970906704515884
27	229	1.2354014355731766
27	361	1.3442630296519673
27	376	4.611368394454382
27	390	2.081194634699707
27	397	2.3539208758271593
28	42	1.2700147177908616
28	45	1.534297385712189
28	186	3.7720852265597165
28	199	1.376946762180642
28	215	2.3843002843864554
28	262	1.4792267783376223
28	335	1.6563540538355603
28	354	1.4031492843125473
28	400	1.9653486590697704
29	126	1.417708916053118
29	165	1.631971117646316
29	168	1.5123473349970047
29	179	2.0815153707477587
29	228	2.2795414773250315
29	404	1.4908843636265194
29	418	2.1380903687305386
29	445	2.16711494786524
30	55	0.7345134790576994
30	62	1.2419878998695795
30	75	1.2629241330372367
30	144	2.475216013642053
30	162	1.465159438267609
30	182	3.4326796929662953
30	201	1.5914939693537518
30	218	1.7463441853045185
30	258	2.4674615223557956
30	276	1.5346505006986813
30	302	2.1150328493019863
30	312	3.8480796363427094
30	388	2.4395537533668636
31	32	1.468186026135967
31	56	3.8541331885364905
31	124	1.8318599250802365
31	135	1.2541739530921263
31	177	1.7909972731186539
31	185	1.8576567122408216
31	189	1.7948119244777843
31	281	1.392254402345459
31	301	1.7083665858134687
31	327	1.5526963733898331
31	363	1.8559741378395396
31	370	2.180353754384419
31	380	1.3034118654861442
31	416	1.7039568391714703
32	54	1.7610603989914866
32	112	1.2700704626470618
32	120	1.4319634809021458
32	122	1.84269679080428
32	131	3.2130852257285496
32	349	2.1060176471472594
32	413	1.8435676881370626
33	115	1.7933572301394176
33	219	5.361423395956725
33	295	4.164832669698258
33	299	2.438294620625642
33	403	4.402363853905204
34	105	1.2005616686489955
34	127	1.8991035864609604
34	359	1.8226847210118533
34	383	1.9501468806090276
34	390	3.863929795916198
34	400	1.6223837115684008
34	421	2.1565592444548276
35	103	1.8026596586779107
35	149	1.9324475224079518
35	191	2.3655605061366263
35	311	2.4736309368918867
35	358	1.4310497287948805
35	372	2.2177052809890916
35	410	2.433309808359149
35	424	1.7316501362660286
36	85	1.8637952848948856
36	90	2.912329475900629
36	106	1.6038863778738106
36	127	1.2642230760511908
36	181	1.6677890587799251
36	255	1.6834751169574678
36	315	1.7221732310452507
36	397	2.110466386544499
36	417	2.1857664762686646
37	248	1.5887540983282107
37	272	1.438447967067182
37	273	2.0141676252515603
37	308	1.2696565685820258
37	338	2.115189702421453
37	358	2.33467172154545
38	82	2.207571914190895
38	108	1.95122724983647
38	113	1.5886964752641861
38	123	1.7227432646042238
38	149	4.42254068936595
38	240	1.9778999433870172
38	244	3.6693501016578076
38	353	2.1708862086486485
38	358	1.5101820790891143
38	377	1.2255172390170812
38	395	2.4786764329575632
38	410	1.3905872391613223
38	424	2.44497412370238
38	448	3.8277097291481974
39	59	1.9656757267156224
39	116	2.16842986397354
39	148	1.244704589788376
39	173	3.4140398001786583
39	211	1.9321702471581577
39	265	1.6735850849180633
39	340	1.7899602369008094
39	365	1.98919569749778
39	405	1.7875020829527213
40	50	2.209538600018738
40	109	2.335543583601882
40	158	2.301301687720998
40	170	2.3748270253360886
40	186	2.209803357723948
40	188	2.225203742702389
40	262	1.44968628768485
40	282	1.6683789001695846
40	354	1.5262695015454741
40	383	2.0730919081656003
40	434	1.8567192788374198
41	86	1.2546529230612342
41	139	2.039010597228372
41	249	1.7400535325635311
41	250	2.061732618175356
41	254	2.445485909943747
41	265	1.2755950437553312
41	279	1.2636135326792863
41	305	2.0764194462501835
41	381	1.783558569625122
41	394	1.939236471921924
41	441	1.0418888145440726
42	60	1.4983465265903937
42	128	1.4925763871817916
42	235	1.514401121024318
42	237	1.3313531770663012
42	271	1.371724935365222
42	320	1.2995352621593363
43	92	1.8453816023862823
43	94	1.3994270205166208
43	106	2.2603307917093285
43	160	3.345923294246667
43	181	1.3592694541073265
43	191	1.4170542487495856
43	215	2.0193997356829936
43	248	2.204553430542599
43	299	1.5069887975692562
43	422	1.4430289704848716
44	87	1.5134317201393088
44	103	1.635912800821132
44	118	1.976293745035904
44	159	2.468901039541702
44	190	3.6224672550669412
44	245	1.9285181220732006
44	275	1.2140299892510042
44	283	2.1831156878568545
44	449	1.4505875955237886
45	63	1.6869481466402096
45	68	2.1668704244551904
45	119	1.440170875782333
45	272	1.5074453200068605
45	276	1.8944064491010102
45	280	2.47800890179826
45	290	1.8664734167553059
46	58	1.2788949141771115
46	62	1.7391849994763215
46	71	1.4668374997492095
46	100	3.5621187156935035
46	148	1.6306544310962714
46	201	2.015175843388823
46	209	1.7754379113080363
46	212	2.3176739021323467
46	272	1.5814383387310857
46	277	1.975996254848114
46	280	3.5727771267958417
46	333	2.083451641302017
46	407	1.4599880614696452
47	112	1.9426612358604407
47	124	1.1688365858545575
47	150	1.9484746212851984
47	195	1.2327623598858573
47	202	1.774815291686214
47	221	1.6195112688853506
47	231	1.2987455680859212
47	283	1.222150020466311
47	298	1.63097808122233
47	309	4.030735127063505
47	371	3.204334939132391
47	382	1.9443030675842872
47	389	1.7863062110173087
47	392	2.2750188979086228
47	423	1.3529721628048428
48	81	1.2268710315098177
48	176	2.2207826833345576
48	251	2.1661769152709685
48	269	1.5171644693667006
48	274	2.1502992051915277
48	307	1.983805456298127
48	334	2.3552019484613447
48	387	3.8350764891988636
48	439	1.4945354411803105
49	139	1.3299878955522628
49	165	1.6646520327973466
49	173	2.1936357522373346
49	197	4.687669032029525
49	239	1.3193596285866462
49	250	1.421046861294816
49	305	4.3312160410736436
49	356	4.0604514967242755
49	404	1.6899455809100887
49	411	2.3492493260799083
49	418	1.2523311169864126
49	445	4.286472220785299
50	140	2.337546293463191
50	142	1.906278848792092
50	163	1.467089153196602
50	259	1.7582987511667891
50	285	1.4939088371650764
50	289	1.723853346768942
50	377	2.3284465519782884
50	379	0.23450182212500675
50	383	2.338005851141693
50	415	2.3683870905907036
50	421	1.724273671646294
51	151	3.74723200843404
51	179	2.0658868204036955
51	216	2.0246235155343038
51	409	1.85966280428067
52	183	2.1417468553406986
52	261	1.5697709581852317
52	322	1.815477846235545
52	328	1.2045495163502182
52	413	2.146184176845607
53	91	2.1994618654720637
53	95	2.1515307615085106
53	96	1.6794491996002963
53	142	1.7406534390945636
53	291	1.9248536927054385
53	325	0.9696058028904398
53	367	1.5050762022926243
53	386	2.1422762563728264
53	388	1.2524097724888645
53	444	2.2802845711574626
54	131	2.222301597604737
54	341	1.8076658309923195
54	374	2.8952912765453953
54	389	2.026524060791905
55	75	1.891658963788619
55	78	1.2238534029778059
55	172	2.146815909643552
55	345	2.4014034242077855
55	409	1.7088853308197824
55	438	2.2196863953827175
56	73	2.155550886282783
56	145	1.4854105025180664
56	195	2.478524211630261
56	204	1.4796357335480155
56	279	1.3498490059556072
56	298	1.60072553487734
56	371	4.577675782357899
56	416	1.3479514314118615
57	94	1.7862256325587764
57	145	2.07492879211652
57	185	1.5835069837255236
57	248	1.3118077495060039
57	294	2.4235309030293255
57	376	1.240966590617661
58	118	3.5340494999909766
58	180	1.9041835709721844
58	234	3.3348959532431097
58	245	1.2202652843639086
58	275	2.241572688648337
58	318	1.7389800801724298
58	336	2.077015831473706
58	362	2.3453594096962704
58	441	2.1834274230551487
59	148	3.594373955017082
59	196	1.9998497373088184
59	345	2.047220654345071
59	373	2.107348846871108
59	405	2.221729957751381
59	411	3.5081777748002336
60	89	3.6494821201770127
60	150	1.9988702306889592
60	189	1.8101598794081402
60	204	1.246156302510376
60	230	1.2182153262085917
60	231	1.745739911420526
60	281	2.164880812907065
60	298	2.146453984079918
60	344	2.4183722254710394
60	346	1.754832447351005
60	347	1.9906009469092947
60	389	2.4221190078891404
61	68	1.855193321339219
61	103	1.2952592973009402
61	125	1.6168236292222669
61	194	1.8966349432362195
61	274	1.239335234105468
61	327	2.2341326761954377
62	75	2.352025790341936
62	83	1.6700723664804662
62	111	1.5831636640008582
62	194	2.0940673521307884
62	272	2.0502302633805924
62	341	1.4879663648127663
62	384	1.6488053666712719
62	407	2.3397608470657936
63	75	1.2170488960754244
63	100	2.326186309202342
63	182	3.5081874366519106
63	201	1.3872456123406043
63	217	1.4852139462911322
63	266	2.2078118988376794
63	272	2.331035816225456
63	345	3.798015119044133
63	384	1.7585763862842523
64	73	2.959002139614116
64	112	1.632253778874048
64	128	3.160075352992311
64	135	2.46897966561302
64	215	2.230033477788462
64	284	1.7982221993454452
64	340	1.8269230287037708
64	370	1.989340982198471
65	131	2.282804508684525
65	140	1.2687531653518282
65	158	1.6718185530840106
65	161	4.743396133946135
65	325	1.413929140257356
65	344	2.055899670995314
65	358	1.9143141901695695
66	115	2.031338379863385
66	240	2.371671599501104
66	312	2.3212601539846105
66	358	1.4514188881171908
66	378	2.1962656395460454
67	103	2.2633694585627833
67	126	1.7227544513209474
67	291	3.684884222068564
67	301	1.7644140083594007
67	325	2.064475890138281
67	356	1.8969720768415805
67	435	1.5744816080845672
68	162	2.3404337292320427
68	172	1.4678887784995358
68	312	1.3920641094110748
68	341	2.4524744567114896
68	345	1.2987103952923615
68	369	1.473410638081758
68	383	2.0094757765519695
68	385	2.057096918940833
68	420	1.6350223455575725
69	127	1.5277341338946455
69	238	2.1883549924143435
69	278	1.2853328972761553
69	350	2.203800266875707
69	362	2.3663540234206764
69	441	1.799161367559364
69	449	3.142061478146994
70	120	1.411859354101929
70	136	2.2160140522010083
70	187	1.9527826210868846
70	255	1.7940615586412036
70	263	1.277260726915782
70	314	1.9106645869656878
70	328	2.026881261025025
70	332	1.5457180896593308
71	83	1.588508432576319
71	265	1.9878027396899522
71	280	1.4629093181069086
71	290	1.7086151487872354
71	297	0.9191694686751373
71	341	4.26802268331862
71	394	2.079429708672741
71	407	1.955009725445447
71	438	2.376078263974091
72	74	2.3892900076547523
72	96	2.3309866536397017
72	125	1.6894797200270941
72	148	2.0684739994372405
72	165	1.269304762511795
72	255	1.3489602315760947
72	266	4.359929127053971
72	278	0.8852284527115384
72	331	1.505157662440826
74	269	1.673610534220996
74	387	3.655224901940493
74	437	1.8845938696206828
75	100	1.6195548774811264
75	114	1.404151562986963
75	144	1.672273606934846
75	162	1.740958372804941
75	250	1.546643610032654
75	266	2.4137523231279454
75	290	1.5899025648312894
75	373	1.9789191518396443
75	384	1.2005651077558976
75	407	1.4398192924783237
76	101	3.0195229621486757
76	131	1.3343937190868678
76	185	2.145293777324095
76	215	2.227239779251158
76	228	4.016365864592034
76	268	2.392149932594224
76	296	1.2017246484598463
76	321	1.4609058189240494
76	334	1.9874909856109668
76	356	1.5970165030523984
76	387	2.4528305917726207
76	402	1.407345203171292
76	419	1.767453466117622
76	425	0.8803726022618062
77	133	2.4176870636995527
77	134	1.3378043955485481
77	242	2.0559744144475864
77	252	1.8451128008585318
77	309	2.296902318113208
77	328	2.1195684280838547
77	398	1.8925932323774228
77	435	2.1600267651629963
78	113	2.2475600081861518
78	123	4.805360937870684
78	137	1.6142565199554972
78	268	1.9932583543225504
78	276	1.7334111819562747
79	98	2.3645890545138224
79	103	2.1989689578217675
79	143	3.123628597502093
79	144	1.8677202246514435
79	174	2.171314810520814
79	366	1.2617489299582503
80	93	1.2804060816668783
80	172	1.5557833504919523
80	217	1.281964097536944
80	226	1.2488397592260307
80	294	1.9572014007582927
80	295	1.5765198178687674
80	406	1.5041989164918537
80	420	2.490827539078301
81	87	1.9344432414046733
81	130	2.0639780983460256
81	232	2.2974388976166553
81	256	2.405156811599937
81	269	3.26402393252157
81	307	2.1810369262586273
81	357	4.508121294637375
81	397	1.2351000548155797
81	437	2.366132561996972
81	449	1.5945656718584356
82	122	1.4708364173516535
82	128	1.5121233760793868
82	135	1.8555180180124229
82	195	1.2708998431347978
82	204	2.0172454591325524
82	237	2.1488840881368807
82	353	1.44292439844903
82	380	1.5568576775015723
82	443	1.2322613453154903
83	154	1.2387661396178185
83	175	1.6440383646543584
83	210	1.6001342567738284
83	212	5.311038473484059
83	345	1.9273130682087107
83	369	1.5264680300341102
83	375	1.4715723187241436
84	208	1.374388708348391
84	225	2.3282478569464544
84	244	1.2844414784824565
84	245	2.4913978855875616
84	275	1.865943044968587
84	346	5.159459002181919
84	358	1.8194289525162384
84	433	4.7216980735792005
85	88	2.288713099773031
85	145	1.917043074919256
85	160	2.036053103395334
85	197	2.4387319183192595
85	214	2.148601286892406
85	219	2.41225991147789
85	285	1.5054351125510266
85	403	1.782469488110175
85	420	1.9573656748464971
85	426	2.2611018225153905
86	125	2.905853954719442
86	143	2.0962328536064585
86	173	2.254621022304721
86	177	4.231935832202881
86	343	1.2848005284680164
86	365	3.4824989585552872
86	411	4.562555674491935
87	163	1.40107475059939
87	234	1.9808866377230794
87	238	4.024588079944823
87	252	1.2869088930757373
87	319	2.1081785981876884
87	339	1.6479153951671022
87	346	1.2631955641582706
87	415	1.5728573979910783
87	449	1.6731731889732588
88	106	1.3441476361562004
88	127	2.1944147701582013
88	167	1.3741856647510502
88	219	1.6408256125115803
88	294	2.003754893167741
88	362	1.9763331505865085
88	417	1.3469738768180002
88	422	1.5641390360594714
88	426	2.010917352339744
89	135	1.5397796614346078
89	155	2.1266288427497595
89	177	2.2954101357184156
89	189	2.443563186479504
89	231	1.628897263329058
89	235	3.2788213501643813
89	238	1.8746386001453335
89	283	3.406185705746461
89	296	1.4094733228028624
89	310	2.1372679022594387
89	380	2.1668925302741977
89	443	4.296511374456976
90	106	1.8422947382418882
90	181	1.2574296145826225
90	215	1.4276401878282177
90	233	1.953825346194098
90	252	2.282231707128468
90	255	2.2001423619171057
90	292	1.9595550756557913
90	294	3.236000069667867
91	92	2.2920730146119563
91	184	1.5425331139389773
91	222	2.1487937541947355
91	325	1.9879814970198608
91	386	2.424056374583718
91	388	1.4855050939428553
91	398	1.5892605896755063
91	408	1.2296236991333043
92	178	1.567636298189124
92	271	1.3512652321640966
92	284	1.7166759187768412
92	323	2.476064565644921
92	349	1.9136561158934982
92	380	1.5319257244348747
92	444	2.3526181865195506
93	171	2.8219130870522875
93	245	1.3580790735376416
93	252	2.2875656129206727
93	317	2.487182640895276
93	399	1.5101337771191286
94	110	1.8573591777679472
94	148	2.3236994145862147
94	160	1.710098600721523
94	233	2.2009653993491125
94	273	2.438861419285698
94	295	0.581752084576748
94	326	1.704098174189393
94	361	1.2444448831992359
94	397	1.2632941429474593
94	406	2.2592826975687785
94	420	2.0758948547867906
95	96	3.461831391211777
95	129	1.6021256194690592
95	330	1.3303218128627332
96	107	2.112028383044183
96	133	2.2701696455929197
96	166	1.2562275662380107
96	247	1.8983413207155877
96	252	1.3516838606799382
96	303	2.1557819573290997
96	310	2.2700289486715053
96	330	2.2291695650739345
96	356	2.2257702762742984
96	376	1.703659527310102
96	396	1.889131062730067
96	398	4.274332694434703
96	435	1.2537483438156656
97	217	1.3973834901554347
97	271	1.3525030909457754
97	283	2.3769173942677844
97	284	4.421912475505178
97	443	2.403586016633014
98	103	3.988272153043246
98	164	1.8644451772570614
98	198	1.5148006703814145
98	222	2.041309789235878
98	248	1.610447012706092
98	301	1.3619930044856492
98	328	2.405313796755351
98	330	2.222356439850534
98	388	1.6241076900172526
98	410	1.5168178558585586
99	113	2.1307882213315352
99	149	4.417738093054542
99	244	1.5893071592069676
99	257	2.2059375118808218
99	353	1.273016321461452
99	401	2.2050938536913787
99	424	1.9894944193608903
99	434	2.3637940187674005
99	440	3.33825237706377
99	448	6.444991523275044
100	114	2.021794975326216
100	172	3.2075084468943
100	201	2.176506985991744
100	218	1.9148768200764548
100	302	1.3439554009623085
101	117	1.6925186775324175
101	321	1.946357157193018
101	437	1.924649089756489
102	105	1.5950786878272287
102	142	2.1853513573038814
102	161	1.4684229566100606
102	260	1.7403712929500248
102	267	2.1207514425108123
102	323	2.4751167836681955
102	354	1.383770855401443
103	104	2.3788221474028193
103	129	2.443755086665864
103	133	1.8277228441972593
103	138	1.4429676267372988
103	200	1.6466825507572604
103	215	2.117761049082719
103	252	1.731927220984145
103	322	1.4733132527982926
103	360	2.0249619425971015
103	390	2.0794955246179736
103	446	1.9332324842327537
104	193	2.23839639812876
104	291	2.191177554695881
104	390	1.3271566506637815
104	408	1.8602940194023936
105	182	2.184729212275308
105	270	1.8546826682072235
105	342	2.294588040632191
105	379	2.0810419381202228
106	208	2.1564647202065177
106	219	2.1851191924484006
106	253	1.7896081080803756
106	264	1.711233162462942
107	141	2.160796377922013
107	182	0.17261101402957313
107	227	2.0200427348170784
107	229	1.255527264414769
107	236	1.8876972286216378
107	252	2.43478789894508
107	261	2.2556818598085444
107	329	2.4898098720497597
107	366	1.7984459583263916
107	398	2.123203817947745
107	411	1.8333384324182047
108	115	1.695844897488029
108	141	1.6907905284755615
108	244	1.3401567945727764
108	257	2.158469883850729
108	401	1.3135341788290573
108	440	1.7154275654905873
109	142	2.2789141521669656
109	151	1.6131739250004928
109	175	3.0768607484596453
109	187	2.083949061993273
109	193	2.0876817362628985
109	221	2.125422846361065
109	348	1.8438763132285896
110	141	1.8543716703720334
110	247	1.9770283259353283
110	353	2.1255500361966773
110	358	1.8622265069738013
110	370	2.394384153066629
111	228	4.5287830926605315
111	309	2.4730112977874414
111	316	1.4823552743417197
111	385	1.3724392433695203
112	159	2.0920610602669165
112	237	2.0547321515974373
112	300	0.791457554817221
113	141	1.5104785380105308
113	243	2.0158711358420875
113	257	2.4114552104421456
113	326	1.7674980862003087
113	358	1.3320840861819938
113	372	1.262014213267931
113	377	2.496841059840402
113	410	1.9813631910223237
114	162	2.0539674428476813
114	201	3.530967638169982
114	210	2.3179912517711263
114	212	2.339497699835783
114	280	3.4904358529991137
114	290	2.079698814125863
114	297	2.387336061661422
114	299	1.23820488391846
114	302	2.252041669847334
115	144	1.2397855292797637
115	240	1.775809902523636
115	306	2.179612403294857
115	353	2.061505131194146
115	395	2.6007208907024184
115	410	4.272408254986301
115	440	2.1372805837486877
116	164	2.0824760359306267
116	188	0.7215176775300041
116	197	1.5330456301228645
116	249	0.8934124846607583
116	265	2.318199462400657
116	340	3.5912132535492987
116	373	3.4921009469513073
116	411	1.4081932074391188
116	414	2.073600828089177
116	415	1.6419908632618847
116	418	1.2545992224790934
116	445	1.7644760924215552
116	446	1.497101380340594
117	166	2.099085407744159
117	207	2.4216719248136336
117	212	3.9634538279868314
117	228	2.063015157761404
117	229	1.3515994237592437
117	232	1.538232908846385
117	251	2.017012849167759
117	269	1.7681528884292395
117	350	2.415795778531601
117	437	1.7168248398523993
118	238	2.2182743489394623
118	245	2.153173775529627
118	246	2.465030048108087
118	258	2.253234985294543
118	318	2.4726611060879864
118	338	1.7684928109992617
118	346	1.4377307960615617
119	209	1.2925386784962984
119	272	1.3449987426250303
119	290	1.4103566206048257
119	345	1.298509605756391
119	369	1.4692456414260657
119	384	2.1542089481530784
120	288	5.4675188046053504
120	355	1.9911790434966745
120	393	2.0871396543556973
121	137	2.20096700552243
121	326	1.3293801295164633
121	378	2.1700404464170266
121	410	3.9740045248308045
122	169	2.4781491423493125
122	195	1.4362590873374455
122	204	2.209033435812832
122	208	1.3431775136591693
122	221	1.924147189922681
122	235	2.2088149642051964
122	382	1.3508543792504746
122	389	1.3488523860605093
122	398	1.309168366948884
122	423	3.308786301104983
123	243	3.470879979628243
123	289	1.7373146902758605
123	326	2.230667637666647
124	177	1.5947996234409423
124	284	1.2374282316173373
124	327	2.3071953784303263
124	347	1.5194232177424274
124	371	2.4213892800538264
124	374	1.3240050037646265
124	443	1.2774250427020803
125	143	1.2882757175574044
125	249	2.4326893621617804
125	274	1.4522498367912338
125	428	2.281947741310879
126	329	1.2915501172127468
126	330	1.7353191175770495
126	360	2.1188202042278386
126	366	2.483704427992624
126	396	1.7030693896623785
126	429	1.3359178393835578
126	435	1.7471229765304164
127	156	1.5604894233411715
127	171	1.8268164292801794
127	242	3.5492820488835397
127	245	2.2118526875615117
127	246	3.859075927887332
127	289	1.6617185372487981
127	339	1.9614079007301821
127	351	2.0043808676492936
127	362	2.009547008256642
127	441	3.765272800654273
128	135	1.5134161944300994
128	153	1.243158097167334
128	271	6.309979879213165
128	370	2.448133299569607
128	371	1.2190708254988492
128	444	1.7112460114514485
128	448	2.2230764073855243
129	156	2.4914595189868036
129	322	1.340690581251379
129	366	0.3166006023587232
129	367	1.7841781473918519
129	386	1.5529823012143709
129	388	2.3858251772830616
129	401	2.191147454050363
129	408	1.5558064351010024
129	413	2.102067340565331
129	448	1.9499703624127367
130	136	1.345186498785735
130	176	2.349111131930046
130	324	4.557608045467628
131	150	1.8263680532333613
131	166	2.4723833590967352
131	347	1.8454058273988037
131	363	2.393724120720436
131	371	1.3145693703441113
131	374	2.3928736613170063
132	134	1.8841489960716562
132	293	1.3747386162423063
132	388	1.5381244734415818
133	261	0.568955322209686
133	291	1.8144832417680912
133	322	1.944624376439934
133	328	1.283991493853499
133	381	2.918513679988077
133	388	4.7236648686975435
133	403	1.5607150235337244
134	233	2.153972622090381
134	329	3.5302467575172902
134	356	1.4540970988390403
134	371	1.379093526187758
135	147	2.2559663571097683
135	177	1.6431917405945042
135	204	2.286735592375498
135	371	1.6270564671218304
135	384	1.7073380512343557
135	416	3.426271174557645
136	137	2.07987247909826
136	169	2.2725194803356064
136	179	1.3662859683000843
136	193	2.0513768346697856
136	355	1.8065598777892975
136	391	2.3689125398003226
136	430	1.2022054722824034
137	151	2.2633488092204477
137	168	2.478066750281089
137	175	1.4626859895452073
137	221	4.33585096352
137	314	2.293854425027737
137	409	1.4041587674589096
137	436	1.2210359371924333
137	439	1.578491692824608
138	171	2.2332187919106437
138	174	1.9934809495057983
138	180	2.2236027966239913
138	338	1.4056225011027468
138	339	1.7875008669629706
139	164	1.88092919001968
139	173	2.376187295827485
139	218	2.3058111754974924
139	250	1.2345487048863402
139	266	2.491969591614514
139	279	1.467731536849838
140	161	1.7766036896704276
140	170	1.721858875784329
140	206	1.4914387952444799
140	352	1.321612049687617
140	421	1.2105428417915087
140	434	1.3302543520402197
141	236	1.210387336342303
141	257	3.461267754677558
141	306	2.3991909786323804
141	395	1.8959950583266079
141	424	1.4942865189952428
142	168	1.697178050907833
142	199	1.8351785460221275
142	251	1.8631968580475091
142	259	1.7184414254970946
142	267	4.062259818738419
142	304	2.43933631958377
142	379	1.9196107707542471
142	432	1.9405728421967756
143	148	2.4399755861325274
143	173	1.6264719620358332
143	196	2.149589687094534
143	211	3.1708019425553333
143	212	2.497149187988401
143	218	3.8799129935745618
143	265	1.4238153052635705
143	340	1.4415604607587955
143	382	1.8580170795720206
143	388	2.0915290728088576
143	405	1.690257645358503
143	414	1.9485120842430195
143	427	1.2991684490493283
143	447	1.284810922587202
144	172	2.136144100150642
144	182	2.300206254991334
144	216	1.2596745776070464
144	276	4.134451394465264
144	280	1.269985688615918
144	312	2.012197693500062
145	191	1.4175647897861081
145	295	2.368257513473336
145	308	2.23221936345362
146	181	4.130163045317129
146	188	2.1527289443082025
146	196	1.7855311609335602
146	246	1.3339632733384619
146	278	2.229186436971653
146	337	2.332970431451476
146	383	3.7610320851740564
146	413	1.811711889405867
146	434	4.315946086894877
147	165	1.4013693068344806
147	196	2.0658205709934596
147	231	1.717130552552466
147	327	1.749877780499253
147	371	2.0591507488262093
148	165	1.7391179808684591
148	196	1.7394058407188173
148	249	1.4403895054221312
148	250	2.138524432922252
148	252	1.6485958184382339
148	305	2.386621457647327
148	340	4.08737283221219
148	404	1.299947361357637
148	427	2.225187211955499
148	446	1.6469322578459429
148	447	1.9909656396042303
149	185	1.9757644506319738
149	240	1.0659584894774106
149	311	1.5268406322585943
149	372	2.0128826835199574
149	378	1.218137068503175
149	440	3.8262375266844435
150	235	1.2984743730751938
150	326	2.0087441335993574
150	382	1.407254685534351
150	417	1.4526111055802464
151	168	2.094818147039819
151	425	2.281954424254075
151	436	1.2996911760715069
151	439	1.674134524778331
152	284	1.8014645310029662
152	321	1.7152186868496166
152	324	1.2051088244334687
152	336	1.619277393880056
152	385	2.096501682701422
152	387	4.199929573187896
153	177	1.6611903854028314
153	282	4.201183733084326
153	287	1.936632276452217
153	416	2.0808173064739326
153	423	1.7067296506553478
154	200	3.32147041190162
154	222	2.0688865630040363
154	247	2.1938870747725594
154	252	1.3836343372056592
154	291	2.3668249650543816
154	325	4.112491901410393
154	367	1.3743777760947864
154	390	1.5061334586660604
154	429	1.7540890046634847
155	224	1.9085272451304935
155	251	2.4958937226599485
155	296	1.7195061173827442
155	324	1.8747112208457135
155	357	2.1487780128408738
155	402	2.0338580328986198
156	262	1.6730087020463522
156	318	1.2931326744286304
156	362	2.292350466974854
156	376	2.3842382977003913
156	388	2.3807823883148678
156	431	2.4899091924161336
157	175	1.2342912952530933
157	202	2.1029829582729023
157	225	1.759505086862105
157	263	2.0341216208968285
157	326	1.7742002829559722
157	409	2.4954423022605887
157	436	3.3603006912903006
158	161	1.9390889252179784
158	241	2.427616393086093
158	427	2.250387948034864
159	180	4.076564297471523
159	190	1.8282336304044429
159	238	1.7495829518874553
159	275	4.326645192557837
159	289	3.686550843122655
159	336	1.2790047924916175
159	338	2.226104760467861
159	362	1.718615266068134
159	441	1.4598417027005415
160	233	1.2920775567630605
160	248	1.745122222431183
160	285	1.4098211266366532
160	310	1.947624456556186
160	361	2.2010548135162447
160	397	3.61225346977459
161	199	3.5148032485150447
161	262	1.8332532889139768
161	267	1.5801731950907683
161	367	1.7115668360490774
161	374	1.8592961640690242
162	170	2.1364850644347246
162	182	1.9046713449131452
162	203	1.8912296208404653
162	212	1.986958600380782
162	272	4.691739857928518
162	297	2.050098805111893
162	341	3.7831766516113645
162	373	2.465415109050352
162	384	2.355670684413338
162	430	2.3204778546372666
163	171	1.808902507910958
163	174	2.2817139894403207
163	234	2.042996271492833
163	246	1.7092838140689601
163	339	1.6360907371410593
163	355	1.857232944847435
164	239	1.517817296218971
164	365	1.5051628574849025
164	405	2.2120416625740553
164	418	1.7855085563036397
164	446	2.002798201566879
165	173	1.846816406091527
165	196	2.0220606096746776
165	212	2.1928970582323193
165	333	1.7863593696130433
165	393	4.4764378968675125
165	408	2.1277676465498767
166	200	1.450596376333808
166	285	1.245247989142534
167	181	1.8855038012455734
167	213	1.4769581494637813
167	248	1.9822902787676424
167	264	2.4960101683788665
167	292	1.9539840161805737
167	295	2.115952719969501
167	352	1.8696789318830693
168	169	2.460628533848925
168	221	2.4045031972186495
168	399	2.107118906711426
168	409	1.4443314390650344
168	433	2.4177016616169222
169	175	3.312849873637849
169	193	6.410443613021517
169	216	1.8691226281356585
169	225	1.9194219477206609
169	234	0.27253769331685573
169	364	2.0656352348279987
169	391	0.596701094162797
169	433	1.40347849816523
170	203	2.4073003922695646
170	297	1.441404955338398
170	304	1.9884708709064747
170	348	2.311888583732747
170	371	1.9686200725924514
170	396	1.5335734137283916
171	234	1.26248591050462
171	258	2.265505505671835
171	317	2.1907212884333878
171	346	1.4796238026901611
171	362	2.0081276544089577
171	368	2.48475446587952
172	184	1.3723532232404658
172	201	1.408139176935637
172	271	1.9188256116468243
172	280	2.0452278976977802
172	297	2.0533567446857766
173	250	1.9817329096433047
173	405	1.3931955305077017
173	418	2.2853457494283633
174	180	2.3313401472918187
174	238	1.6030631808503257
174	275	2.4271402463682286
174	336	2.3164991856986035
174	338	1.8680296094253026
174	346	4.091659331063132
174	438	2.4361842603305597
174	447	1.5545657126596295
175	202	2.461413968190692
175	220	2.2389674738002943
175	288	1.8895688973349618
175	430	2.1342958034301835
175	439	2.4943638136536985
176	228	1.9178732419408404
176	251	2.3494452413590627
176	307	1.4245531997231806
176	315	1.5056084941147692
176	324	2.3102686109429773
176	393	1.6834616549429713
176	402	2.352360164874179
176	419	1.4306232913594843
177	183	1.3529782639079797
177	199	1.413255628394715
177	219	2.241343582412421
177	237	1.7822066317924279
177	328	1.8712782312530325
177	347	1.8494471578839882
177	416	2.3113381021643757
178	193	1.6878113193590454
178	231	2.3334341524135125
178	235	1.7969843821823366
178	284	1.7805365972080351
178	382	1.6746804017575412
178	392	1.8669976806480872
178	416	1.5431200547232815
179	221	2.3290464410125917
179	225	1.6615835108965962
179	227	1.4005090564976812
179	263	2.0204420832778456
179	312	1.4519421207145233
179	332	1.56632461602724
179	355	2.071290144436858
179	364	2.1902286133125517
179	433	1.821035038023699
180	183	2.197746570271989
180	286	1.4591449178858844
180	287	1.83768107056657
180	319	2.111414140555871
180	346	2.2918401683616505
180	399	2.361597557966367
181	185	1.5396250645069358
181	248	1.6704607165423417
181	292	1.9017620190484261
181	361	2.2537104525395364
181	379	2.4245152256242246
181	406	2.4392867566154024
181	419	2.3410794417015723
182	239	2.3178581354800194
182	333	1.458550724732441
183	242	1.7128652252235876
183	289	2.182205242063003
183	393	1.89392533473236
183	421	2.1223120704475145
184	194	1.037428482104117
184	209	1.2081435865125576
184	210	1.4960038660228194
184	212	1.6967501150365358
184	217	1.9822087454804023
184	245	1.9424390490973833
184	277	1.4754563774676885
184	320	1.9289383805686433
184	375	1.7310705635873962
185	187	1.545264493711617
185	213	1.8783830688726701
185	219	1.3267573122864535
185	233	1.842965443369743
185	248	2.0298011451375038
185	360	1.952293212570511
185	361	2.225617111682113
185	397	1.4553558677725966
186	262	4.253061382022469
186	285	1.9333326647679012
186	300	4.335318553577411
186	353	2.003270398501364
186	421	2.1041610488147313
187	218	1.4313550892138902
187	225	2.345428613887443
187	364	1.335658368925219
187	448	1.9842864491637826
188	241	2.248356769851072
188	262	0.9824044184084765
188	263	2.469715816041533
188	270	1.5449844191706679
188	300	1.2675005828975905
188	342	0.9462842342986145
188	373	2.426656353858008
188	379	1.5756272704752727
188	434	1.311698196084608
189	287	0.8200673909134151
189	298	1.8374614340870332
189	320	3.0324960149818594
189	349	3.171008486384616
189	374	2.4851184888337796
189	380	1.323680358962339
189	416	2.9944937123690636
190	318	1.50201918365137
190	371	2.218350564574078
191	214	2.0319388617854086
191	219	1.2165589125522285
191	226	1.6564855052998382
191	233	2.4901421567003252
191	259	1.5981647304592583
191	376	1.3539715403023742
191	397	2.4727633030368157
192	228	2.1175801787026356
192	247	1.3703003861684075
192	399	2.2941009556880623
192	429	2.0391485845677884
193	216	4.020281272227147
193	220	1.6437467166254165
193	280	2.432700059301281
193	288	2.2382075364344356
193	364	1.9854580334520038
193	433	1.8247405715186669
194	345	1.5785829903463087
195	196	1.8794259859713138
195	271	3.605693174517593
195	298	0.3200912183762098
195	323	2.2386058904482473
195	423	2.277565880111917
196	305	1.2803738669657183
196	394	2.311674754130789
196	428	2.308986206682583
197	249	1.2005494817835343
197	265	3.9153507096747537
197	368	1.4872147670785218
197	373	1.5692302164001148
197	414	1.3093936393223307
197	415	1.2695120315693111
198	200	1.5887953069546652
198	303	1.7903580358579485
198	330	1.3222894769981237
198	360	1.7689271841070506
198	381	3.307611792870407
198	388	1.7671497437246368
198	428	1.635859287201598
198	429	1.999700749143246
199	270	1.8076670812948454
199	335	1.8652858971054753
199	400	2.429193286170912
199	421	1.4988748015271534
200	226	1.5975222457153526
200	252	1.209998700827122
200	303	2.3727610892051665
200	313	2.0374733644634806
200	329	1.8960256888696017
200	341	1.4131281631666637
200	366	1.3826661442691655
200	429	2.062046906474345
201	210	1.7926352247424115
201	377	2.0512081251018084
202	221	2.088973793085964
202	227	1.4349297495086788
202	364	1.644697778699525
202	365	1.3925181987699093
202	409	2.836096742756461
203	243	1.7785836947097327
203	244	1.3862415046786576
203	348	1.5191578098160077
203	371	1.630942031680814
203	440	1.261571302653961
203	448	2.332757966699477
204	323	2.396799290837089
204	327	1.87948845791349
204	369	1.5668205263223054
204	404	1.2620448614492736
204	429	2.4504902095765573
205	224	1.8517310275885022
205	274	2.2067553011004963
205	307	4.135771779620069
205	315	1.6043633771761219
205	321	2.2140199158267544
205	334	1.3704637048193056
205	355	1.9008597025238805
205	387	1.3210396682099328
205	393	1.953383759151945
206	259	2.4050437828859565
206	262	4.123364301664105
207	316	2.019501475867651
207	321	1.832975556237775
207	357	2.1991102633651636
207	393	1.6368661374084656
207	448	1.5371332039617824
208	282	2.171633020677614
208	283	3.9625828730604304
208	287	2.1586596362280424
208	320	1.8885937582578682
208	371	2.4650103018473013
208	380	1.8940252313124137
209	235	1.075181529569562
209	272	2.207343525191488
209	290	1.3347347046932796
209	307	1.5998680008184465
210	246	1.234533474873248
210	277	1.8265556196251116
210	312	2.106873512477317
210	321	2.4759668187787174
210	341	2.2466424171804604
211	219	2.3780223600112125
211	225	1.7945348147203326
211	250	2.0247183848277523
211	254	1.9133361654280772
211	306	1.7266549300899245
211	365	1.7834162250903716
211	389	1.4665974963967723
211	394	2.393624814408116
211	404	1.9687106661751361
211	446	1.9895942195707677
212	234	2.0594465063362266
212	290	2.398144427250909
212	341	1.785215669121289
212	407	1.856393719428354
213	264	1.4703234064684854
213	295	4.181808229373217
213	351	1.534427268729384
213	417	1.8011764854490937
214	219	4.432140504368249
214	273	1.4413497475664796
214	285	1.2522259358357568
214	295	2.3863534355270968
214	381	2.00476522091144
214	420	1.6178983134071792
215	233	1.3928812801665382
215	308	1.4385617608249595
215	376	1.547676682198444
215	420	2.3549400544758514
216	222	1.3848532265999294
216	232	1.8914746831326381
216	288	2.0786297040075414
216	332	1.219349411302141
216	391	2.4672119940406043
216	425	1.3449471479073054
216	433	6.708037808393761
217	252	2.2263818647185416
217	276	1.4540853910949165
217	375	1.8727469760473796
218	239	2.092953842468253
218	298	1.3726038418905586
218	414	1.4573011627532733
218	431	3.7966648924713993
218	446	4.447991195822406
219	253	2.1203228158897
219	376	1.7857089821503371
220	221	1.8167501054093043
220	232	1.2551238752309137
220	425	2.0402027436233094
220	426	1.974663785232552
221	225	1.2580717217767698
221	292	1.6918471734873854
221	361	2.1728989640116336
221	391	2.0946185412555676
221	430	1.4075072565626925
222	235	1.2886755906650709
222	386	3.5662714578093064
222	396	4.21509873921671
222	398	2.472792274063121
222	408	2.3676590203266965
223	252	1.63069300887341
223	255	2.0475979175147074
223	322	4.476764594327555
223	357	2.0022278791498387
223	396	2.2577670584661806
223	408	1.9527734611408563
223	442	1.4101813108059318
224	232	1.4415627495554268
224	256	1.6632122733838397
224	296	1.5391108949784909
224	324	1.6909301221348574
224	385	1.5639176271281072
224	387	4.071516984901315
225	301	1.9887130902586432
225	364	2.0240053302711107
225	409	2.119470293487748
225	436	1.8428413448826961
225	439	1.2371955228496503
226	229	1.845415462177109
226	233	1.2268676564108751
226	361	1.9967174647434804
226	397	2.2939542693668207
226	422	1.760782579815086
227	243	1.336339763988825
227	288	2.008179139096469
227	355	4.135091238212854
228	307	1.283715733282074
228	316	1.3733524989005002
228	357	1.5768422777356872
229	273	1.9098147344937906
229	292	1.7195013761422584
229	310	1.773783593795703
229	352	2.070527689087532
229	361	1.6980132575811382
229	420	4.902128614051591
230	235	1.3328721314935856
230	237	2.042884862283956
230	283	2.4162087882626073
231	320	1.6524664835899103
231	374	2.107852002141525
231	375	1.6439410784226016
232	296	2.3346514369454017
232	315	1.3934861744907103
232	343	2.3959263011306255
232	350	2.3164377394840043
232	357	2.9100369701053954
232	381	1.478787864868027
232	420	1.5539256240335768
233	294	1.5373773375637894
234	258	1.597748856233225
234	286	3.4779525679871544
234	289	1.5200784718519214
234	346	2.011045928558385
234	357	2.200017547697794
234	379	2.1048125448764274
234	412	3.3149390898633455
234	430	1.4077662005059195
234	434	0.49298972733997415
235	327	2.236073115354717
235	363	2.0822349381504885
236	256	2.235405010458112
236	268	2.2976256541976836
236	311	1.8165560852120615
236	440	1.6965276248338117
237	282	4.333887048377136
237	323	2.072057064256063
237	380	2.3318389491509564
237	389	1.2927310769936977
237	443	1.3231749910517048
238	247	2.029229122667347
238	317	1.2467274287223005
239	279	2.21926599932629
239	331	2.1155529123605965
239	406	1.3535779288925134
239	445	1.7271362606368532
240	440	1.562128941721733
241	267	1.409573329696397
241	335	2.1179021405893073
241	379	2.3636814981126664
241	416	1.5088239828927739
241	445	2.2941192944092466
242	336	1.6059394124240751
242	368	2.2583486840459024
242	412	3.0021005347600784
242	439	2.4778265486536757
243	257	1.8357902399627948
243	306	2.3901831239623936
243	353	1.3004009882242835
243	358	2.1274718851586467
244	311	1.6621549082415426
244	395	1.7613273927336146
244	424	1.6443070533112856
244	440	1.0163628675608551
244	443	2.100937953866126
244	448	2.485955066236227
245	249	1.428777721291832
245	258	2.151077674480881
245	278	3.743252900632681
245	289	3.672076576076173
245	338	1.384145361094581
245	351	2.342823635323007
245	368	2.1100860795825347
245	399	3.5059890196740557
245	449	3.3426500653499005
246	249	2.3307191134948506
246	289	1.3727091135137592
246	317	1.98869183116039
246	318	2.460051615872403
246	353	1.589264232847795
246	368	2.1535742372188995
246	393	2.204031080694902
246	431	1.38833077973245
247	252	1.9696234507904546
247	291	2.3097143974576078
247	303	2.133809309894199
247	313	1.870875616212588
247	325	1.5305503619695058
247	367	1.5367508819657947
247	429	1.4772792363734555
248	264	2.261376207009548
248	273	1.4732203533950439
248	353	1.848562254374594
249	264	1.2146775548904378
249	265	1.5619938599433225
249	266	1.7898308459987795
249	305	1.9593968530087689
249	340	2.2601446231899462
249	386	1.7830418742623553
249	415	1.6489926273963185
250	345	2.4223280978483843
250	414	1.7469516364192188
250	418	1.9055777682229906
250	427	1.7674942488463694
250	440	2.047678539417385
250	445	1.2759499677828319
251	385	1.8288903724601275
251	387	2.8538406239344796
251	393	2.3031057223736555
251	437	1.4062414147977
252	275	2.133807506086382
252	293	1.5152357853423652
252	396	2.2326174087989203
252	402	1.5060310088829005
253	420	1.6821343855596995
253	422	1.8005800955938707
254	331	2.038164278744508
254	394	1.387211860486709
255	294	1.3269050708810755
255	376	2.0461563493510826
256	296	1.610452124694358
256	315	2.1968620750644057
256	321	3.007427935973139
256	437	1.581636140829953
257	306	6.460125644170891
257	395	2.6028189848615693
257	416	2.0619235133460716
257	424	1.7814930092312273
257	442	2.135150233240293
258	286	2.060035965318048
258	288	1.561962892128336
258	346	1.8201630551344419
258	449	1.3736688611096157
259	434	0.7068031949527092
260	267	2.2546004601400282
260	304	3.6954964643982864
260	354	1.859788649308574
260	379	1.5469751619213237
260	400	4.6598912872195495
261	301	2.1795606969416017
261	330	2.425613143476216
261	356	3.426813469909205
261	360	2.883153698072543
261	379	1.6952328130437793
262	335	1.2554968027102382
262	342	2.246964520213056
263	355	2.169139006212204
263	364	3.2350409935182842
263	368	1.8013852772053682
263	430	1.9995810678828612
263	436	1.6632746164165848
264	292	2.360796267330479
264	294	2.323534312948179
264	308	2.013961064125013
264	311	1.9782101043801714
264	376	2.889648655240312
264	404	2.3684457312411635
265	343	3.8737288777930865
265	350	1.4270540204862183
265	365	2.3547071515990528
265	415	1.3835263108693028
265	446	2.4156975448335603
266	331	2.3060791949014416
266	415	2.3237270162023
267	270	1.5249074764284145
267	359	1.338110077694175
268	270	2.3956377939618383
268	348	1.8426619848408161
268	353	1.3520381268187334
268	368	2.0840804798456793
268	410	2.3252352303452026
268	428	2.1911547627809904
269	279	1.560909097457117
269	307	1.5789400865236747
269	316	4.01164445606447
269	321	1.461614814836759
269	350	1.7404289775696011
270	285	3.510854567987783
270	291	1.290452824277821
270	304	1.563593688115157
270	329	1.5918398705181946
270	355	4.731406526482587
270	383	2.076053153633265
270	421	1.8176284080516703
270	428	1.3775985704362979
271	284	2.1155457198113643
271	392	4.345556724801391
271	416	2.0914566106290766
271	444	1.7202170141697442
272	312	4.173856227500385
272	345	2.2983225094874733
272	384	1.9991261545262393
273	352	2.03825849297761
273	376	0.47543651527249386
273	425	2.114366522948675
274	316	1.3293181586319043
274	419	2.4802328081324707
275	286	1.626144406818328
275	336	2.391290480867671
275	338	1.3301715370012674
275	399	1.4148738341031628
276	277	1.9760125664218227
276	280	2.027219031530016
276	314	2.4304061266551793
276	341	5.911332133039485
277	341	1.86832064325342
277	353	1.3826556012196125
277	375	4.259175730844648
277	384	1.3695100293849007
278	309	1.5805822890222574
278	336	1.351950506335518
278	348	2.1040763017653097
278	368	1.3772464922061618
279	343	2.422529088882126
279	373	3.794479789462114
279	404	3.515994944205101
279	414	1.9642500521954993
279	418	1.6652800621494346
279	428	1.7554838663793277
279	445	1.2614434188525752
279	447	2.1242831401481
280	303	1.2018024332423303
280	375	1.2939560118585383
280	398	2.0871527706847934
280	407	1.2315822701222126
280	438	1.458002360971581
281	370	2.1094815664170454
281	382	1.8141768649847472
281	444	3.962123422370499
282	363	1.6211900092412854
282	371	2.516275664023264
282	382	2.2852921965006
282	389	1.8217008105287444
282	416	2.0543051183037204
283	320	1.470320362401623
283	347	2.0274445433720825
283	349	1.6928066867556537
283	374	1.5063841872197523
283	382	1.6626438745570535
283	423	1.9726291653173076
283	437	2.2121588195262367
284	371	2.025263989740541
284	374	1.9122991674740182
285	317	1.961481178720506
286	317	2.1702789023751747
286	319	2.123323327452537
286	351	2.422615965621193
286	369	1.3638246604054496
287	320	2.249302881930893
288	307	1.2647437386779425
288	364	1.55219514029756
289	338	2.2688684740064122
289	358	2.206527644896961
289	362	2.0691527126888367
290	361	1.41639300376853
290	375	2.199447166914217
291	303	1.3760248723746955
291	313	4.343680873486283
291	366	2.4173291760790123
291	371	1.6097494542474917
292	295	1.9881581500851904
292	314	1.908601838728988
292	352	1.7178147716862164
292	377	1.7423667879684355
292	403	3.832225860304158
293	337	1.7910464096293301
293	360	2.401564583508427
293	390	2.394740065243325
294	312	2.4874636424871746
294	397	1.2661660987245524
294	403	2.438459717698329
294	417	1.797129919553778
295	426	2.3741249680194025
296	315	2.34006788926439
296	321	1.2055862159485744
296	393	3.444549933253718
296	396	2.3028619334760294
297	407	2.133443315019643
298	336	2.8419952691267474
298	370	1.4500758115760701
298	371	2.4397621605466018
298	417	2.253928221404963
298	443	2.182480428643697
298	444	1.4822782268349906
299	361	1.263590394266355
299	420	1.765664352725329
300	304	1.7276667029076584
300	342	1.8903506177900022
300	354	1.6863178956824685
300	379	1.5447732197461976
301	390	2.322627160386517
301	413	3.67061035133818
302	312	1.2056771785400782
302	345	2.1857181316043572
302	369	2.2872371860413248
303	360	1.8143076349031624
303	390	1.837533131663792
304	379	2.377589496503563
304	385	2.08650874213853
304	400	1.3243700746677842
305	394	1.5845656128093895
305	415	2.2749999131251952
305	427	2.1304023845540323
305	434	1.7196577264876907
306	372	1.7180716409549344
306	377	1.457691391151163
306	410	2.266088572267977
306	446	2.270553764490029
307	350	2.0995397177338835
308	310	1.38353383598545
308	328	2.179390602705552
308	352	4.019665245484791
308	403	2.2917738916499086
308	422	2.339853817774997
310	376	2.177499005573414
312	333	3.418412371422329
312	345	2.2503845172008194
312	355	1.4720034078605404
312	384	1.4831181872566837
313	322	2.445372084294149
313	413	2.0504426002008693
314	430	2.2715529283473375
314	439	1.8705810267785745
315	334	1.6892825416781831
315	350	2.1520458117540304
315	358	1.7188209074281802
315	385	2.0634426876614373
315	387	2.1264443269219555
315	419	2.359430803418935
316	324	3.338441083799391
317	339	1.8809196299769373
317	368	4.327911142411892
317	386	1.8508120262921157
317	399	2.421140117004663
318	346	1.3446836551683454
318	368	1.2880524483606566
318	399	1.540112249517442
318	405	2.2102252588664006
318	440	1.8402430595034147
318	441	0.2748380377575994
318	449	3.4040640261045203
319	346	1.090329116375209
319	351	2.288431305790185
319	412	1.560525608327207
319	431	1.627612350622169
319	441	1.9503349334892328
320	350	2.3797667857749127
320	382	2.2837365856484064
320	423	1.3643931832059566
320	444	4.311521060326765
321	334	2.4979128661827668
321	419	1.2121353969233915
322	330	1.2911066649751077
322	381	2.0690131153060376
322	390	1.2582877754202404
323	416	2.4095647093520975
323	423	2.3662892883513518
323	444	1.803932708219489
324	413	1.5812313525469999
324	419	1.4805227017615343
325	328	1.2122818274112248
326	372	1.863923860111543
326	395	1.6959844443569179
326	401	2.119947046153801
326	440	1.4826801636178202
326	448	1.9144194811653659
327	342	2.1892035827303
327	423	1.2041540527546697
328	330	1.880591109336726
328	388	1.8770650061192788
328	400	1.8468942054408266
328	413	2.0036770451980566
329	330	1.213040896580386
329	366	1.72757152896591
329	396	4.889065129948085
329	398	2.09637871338317
329	413	2.1740596748885976
329	429	1.9624713522888242
330	367	1.2159722436554843
330	386	2.1062608302828485
331	340	2.2588390080344167
331	415	1.9784274521961933
331	427	2.3411561303099075
332	355	1.6626840415239583
332	403	2.1913563862763072
332	430	2.1249567614542215
333	341	1.7909916429272688
333	421	2.394855910022735
334	350	2.0092448392776303
334	385	2.491937240688987
334	449	1.6931792104299594
335	385	1.2358606596111963
335	434	2.100290475869163
336	339	1.8779096094658996
336	431	2.2806987047089207
336	449	5.867647985311017
337	434	1.293594831396117
338	348	2.1285340582942345
338	377	1.5121814327115022
338	412	2.4149971605570295
340	373	1.276511608448385
340	394	2.1539150733677332
340	414	4.419632653540666
340	415	2.003894290110389
340	428	1.8430905303910938
340	447	1.7779433205379789
342	427	1.3624500903156231
343	365	2.4393099083582097
343	373	4.4575789117893745
343	395	1.6090830652541512
343	402	1.3659268140875804
343	420	1.5913645802659766
343	428	1.9543362148174006
344	379	1.8266008883067255
344	414	2.449603358287262
344	434	1.8644336953796734
345	379	2.441227167158448
346	359	1.2368114223683873
346	441	2.205746763478245
347	374	1.2734233714039889
347	423	2.4138350459551794
348	448	1.6130619284219183
349	392	2.047963273455022
349	443	1.6428883196444128
350	387	1.746672324704479
350	440	2.109772416684809
351	367	2.4647357507417453
351	431	1.7730105126070206
351	449	3.7092627483694183
352	426	2.3949999390465866
353	402	1.669782323001833
354	357	1.2578538190546764
355	391	1.4449873388087884
355	409	2.161281364779594
355	446	2.150026492023969
356	381	3.0874745146689944
356	435	2.2786243210576425
359	383	2.1764981138432797
359	400	1.991976025289571
361	362	1.5025609515657359
361	402	1.653942979899794
361	406	1.8163864056063495
361	417	4.090052110297423
363	380	1.201787782699859
365	418	1.5071455503642723
366	381	1.6117907398303004
366	386	1.3853952691316214
366	429	3.6979288986915937
367	398	3.6832844074694595
367	408	2.230355239240698
367	419	2.088904347563924
368	399	2.121917677595977
369	384	1.7469441449739684
369	390	2.10847534725197
371	382	2.2046092041056133
371	392	2.101527539636373
371	416	2.17114527997559
371	444	4.06981660674663
372	378	1.975409400654809
373	404	1.6186197039221601
373	411	1.6107868649046877
373	419	1.4887963654164025
374	380	1.728543002397445
374	423	1.7581326828435127
375	384	1.9155829829283275
375	391	2.096333528768871
375	404	1.8554030786922553
376	406	2.439392779221212
376	417	1.7527036593894947
376	423	2.194739770121374
378	417	2.437007596857851
379	412	1.9731920734244186
379	432	2.0854744834658074
380	423	1.3511144316901469
380	443	1.5119354099655768
382	444	1.9326381044727239
385	393	3.7293585831451357
386	396	1.295096442006188
386	429	1.4981527341058576
387	402	1.2799348013641538
388	444	1.654823489012868
390	432	1.5358476983691731
391	430	3.580662840967932
392	396	1.5405545861909582
392	397	1.9144372255706945
392	402	1.3393480545582923
392	443	2.2343038206797368
394	418	2.1696286745252915
394	427	3.4638603549871254
394	428	1.6413876882724767
395	448	2.4555905577643173
396	408	2.1956676540603954
396	413	1.7490046158930976
397	403	1.7260320050803664
397	420	1.7864576955745937
397	422	1.8349576076831142
397	426	3.5190777440295156
398	413	6.0919070229992585
399	412	1.9357589052051578
399	441	1.9680858107786379
401	424	1.8607077708306439
401	428	1.4382770874347555
401	442	1.3752346229361598
403	417	1.6325474980486416
403	423	1.9203349215115781
404	418	1.9920865973303088
404	428	2.1887604470818944
404	445	2.1433417502472256
405	418	0.6188498103038519
405	427	2.0588569509636327
406	420	1.2180377017234785
406	422	4.1909557531240385
409	414	1.8566723530890599
409	424	2.07661781617287
409	436	3.7764594054485876
410	424	2.3043671577528517
411	415	3.6170617679644805
411	427	2.1935526921426427
411	428	2.311364396530816
412	441	1.4952536870244328
414	415	1.4872070345691906
414	427	1.2498994496080953
414	447	2.0723447266854462
417	420	1.6070711635421961
420	426	2.132500513771949
425	430	1.9507396013133045
433	439	1.8755055114516472
