8	13	1.2082622949126156
1	46	1.5165715611893447
7	52	1.951157130812331
30	55	1.9784309231211235
12	63	1.8809337321913469
21	66	1.7634829154652967
2	74	2.305204472291468
12	83	1.4303569686916564
46	100	2.059382069168722
81	101	2.024517970307632
35	103	2.0477661783583065
98	103	2.222930492448444
3	108	1.3182064294100317
47	124	1.6114963427775333
23	126	1.9092991970294562
29	126	1.9668609141388234
69	127	1.5794697276665497
5	135	1.3343280165109137
129	142	1.4519292298497515
79	143	1.9076410930759007
9	150	1.7569686129190827
49	165	1.686278555762676
139	165	1.3734776971728626
18	168	2.116381253430678
51	168	2.1483454467216916
157	169	2.268161864926897
109	175	1.5657591706637997
86	177	1.757743974468112
146	181	2.2646637833272125
107	182	2.2332137832894414
28	186	2.2275272291236057
65	188	1.592065391875726
116	188	1.2945171349149354
112	189	1.9564352214108163
18	193	2.472962249180307
169	193	3.989014680781514
55	194	1.4935943000952032
100	194	3.55156335878911
184	194	2.3852395779461277
47	195	1.2745962201480667
59	196	2.329179061925526
114	201	1.9199305493490062
136	201	2.0785994835835897
21	209	2.4373335650868073
30	209	1.2501085642597967
25	210	2.478451134800796
55	212	2.315140421838266
117	212	2.4142423757751628
193	216	2.466589804383905
143	218	2.4100490060753703
33	219	3.557250824005079
37	219	1.832147152215674
214	219	2.2747263559801487
137	221	2.4600056306875886
76	228	2.1628285534972753
111	228	2.2630314761001467
154	230	2.467803658638844
135	231	2.4241738179141277
58	234	1.4959757922187629
169	234	1.6241157708643361
209	235	1.4546558084452372
141	236	2.0029952747438715
97	237	1.951714842390519
208	237	2.3444422251657233
87	238	2.180307747927119
149	240	3.2548432635278046
179	240	1.4609352298436091
82	241	1.7175615748137973
38	244	3.7291790446734847
127	246	2.48133385154076
21	247	1.9110662932697897
116	249	1.3825790470837904
133	261	1.8072308214079054
180	261	1.5962937587444324
188	262	1.3571573256950114
157	263	4.671229590657833
197	265	2.2766927516781323
81	269	2.015062922142686
102	270	4.393723171883844
162	272	2.2527612936762593
184	272	1.6931627703394991
19	275	1.8942817140701858
72	278	2.3072955247021447
56	279	2.282740216593017
209	280	1.8062508020555534
237	282	2.2196917323709773
16	283	1.7686016773379833
189	283	1.841264498757765
97	284	2.053144207160301
122	284	2.459508985393552
152	284	2.1393912853212447
234	286	1.8321813208955662
189	287	1.2529648511078424
106	292	1.2258020020367506
33	294	2.0746161477950564
94	295	2.126657157723401
71	297	4.787399584304102
195	298	1.3841434513004645
112	300	1.3399547865851094
186	300	2.335222662577704
182	302	1.285222364999001
210	302	1.2496548641599357
205	307	2.412053675711245
85	308	1.4524100671893532
47	309	1.9003993342196557
291	313	1.867869386300827
136	314	1.2115767211587551
269	316	2.0545041265302286
174	317	1.6702396871186456
317	318	1.9188965557973443
23	322	2.3947782991142166
223	322	2.3781540118412985
53	325	1.9254646627332248
154	325	2.4065086625243093
149	326	3.629607990505581
134	329	2.029533356601898
329	330	1.6177954967856683
298	336	1.3540719238175005
19	339	2.3632278802478313
71	341	2.1183598724530066
188	342	1.5178759781696443
319	346	1.3019856768185287
16	347	1.3543630962664452
244	348	2.0432857909311464
9	349	1.430389528633553
189	349	1.374081730385958
202	352	2.2124761117098837
308	352	1.771508081923753
57	353	2.0744655027424144
99	353	1.4729023884783625
17	354	1.6316765763428638
102	354	2.007531126544653
18	355	2.4812751566188656
270	355	2.482583675885639
49	356	1.8275355141492542
263	364	1.220120172663974
86	365	2.2059690488619372
129	366	1.347874473766033
134	367	1.9493649885115367
154	367	2.074302063209467
260	368	1.7030584723994737
68	369	4.28894751857516
231	371	1.3816275208552293
282	371	1.2984859967000018
343	373	2.093083182784218
54	374	1.5450286723317972
230	374	1.6154087910848876
371	374	1.3869215142628115
144	375	3.142590378635857
264	376	1.3000761297980379
273	376	1.5884537038960183
292	376	2.474925626230027
243	377	1.7536127519168798
50	379	1.8278501869693013
104	381	1.618710669349423
133	381	1.46646080169464
23	384	2.2793581293274574
13	386	4.420945331240631
152	387	2.3561869489763225
26	388	2.1932608262021676
133	388	2.294199019825051
34	390	1.7675893024633575
10	391	1.46962993021174
169	391	2.9608886099292646
115	395	1.2036206539747503
326	395	2.0637567029471735
13	396	1.544189402299887
222	396	2.353964405704213
160	397	3.7759257375071043
15	398	4.2108667522381165
245	398	1.3794637680325772
1	399	1.9072540054789373
245	399	3.8713576023442164
318	399	1.7048540082484107
102	400	1.7992010665198745
260	400	2.45869265863552
14	401	1.5218194709750523
377	401	3.601294214345976
33	403	2.1576478719386243
55	407	1.5775592244198213
121	410	1.5605249189615549
395	410	2.1728114777226493
301	413	1.2363807059389242
296	414	1.527203009621915
411	415	1.5365729740769027
361	417	1.7729273161339867
405	418	1.281426940767872
33	420	1.481745230632398
241	421	1.2365100673660103
374	423	1.808535854950104
110	424	1.958703315496685
4	425	1.468487278100049
76	425	2.3812967463821924
397	426	1.2145888791830666
394	428	1.6510910962804888
418	428	2.287576085357133
21	429	2.0980826004673734
360	429	1.5908867270856828
51	430	1.496583006690864
218	431	2.200452419011712
84	433	2.421829318492035
234	434	1.9220850068040867
259	434	1.2008384428580052
109	436	1.688348775739154
312	438	1.5928248442441943
99	440	1.2251852668553789
149	440	2.1134072710509204
244	440	1.7711674364753782
41	441	1.4689987125309538
127	441	1.4171785462930029
318	441	2.127828918682523
404	445	2.258144353978336
245	449	1.8819278666884076
267	449	1.4017864394557351
35	450	1.9244467923456081
121	450	1.7267934970285244
123	450	1.5669840892596483
251	450	2.2991067522663706
264	450	2.0079962905011226
326	450	2.145785368217909
377	450	4.028434049437348
401	450	1.765142916467838
438	450	1.919336477760841
82	451	1.9998719169217622
110	451	1.8174153491463536
115	451	2.154117201807676
149	451	2.7789813341193903
186	451	1.6219856365622944
203	451	1.6936003182914634
410	451	2.540129643317064
440	451	1.2674208959940028
33	452	1.8640402568474967
57	452	1.2642760945937856
219	452	2.37975467068048
253	452	2.2258814205214286
264	452	1.3786344830773072
299	452	1.3262333251653224
319	452	1.976741914161285
376	452	1.342077931197326
397	452	1.471590370329715
410	452	1.2515694856902395
422	452	1.6840948180443227
14	453	1.2361374356365933
23	453	1.3940989659869083
52	453	1.9389708447930545
96	453	3.418662556391387
98	453	2.3399009492583938
247	453	1.907217314499626
270	453	1.6429615611321586
291	453	1.8319386405883842
309	453	1.8780457408352975
429	453	2.1378624047324295
35	454	3.297014012531499
99	454	1.2278916176356072
115	454	4.353765579291871
141	454	2.324033185708206
203	454	1.818938965722489
240	454	1.6080623694339822
268	454	1.7248960595651428
306	454	2.332692098501023
326	454	2.3929635152148885
450	454	1.548958949128496
15	455	1.2077685704892656
70	455	1.9660132415322005
117	455	2.1223302475971555
120	455	2.23075502465922
162	455	1.264227727191886
223	455	1.4754432880751147
252	455	1.5917725778719407
303	455	1.2014820195305085
313	455	1.3743021395044355
328	455	1.6783015740931815
413	455	1.321779664336256
429	455	2.8539813539229613
71	456	2.304057328040564
78	456	1.6909265581958435
115	456	1.8298312600632993
141	456	1.5418451214180164
149	456	2.1521122238619848
236	456	3.833598866773916
268	456	2.2951128310002202
311	456	2.345132045888426
326	456	2.2297577860673745
348	456	1.96287944905895
403	456	2.3903608511790218
451	456	2.2994849862858144
23	457	1.6722082699063163
52	457	1.6487539506355475
154	457	2.0250767886430863
261	457	1.2832854106596487
329	457	1.6958662884426172
366	457	2.1961330158332704
381	457	1.3020065527701905
388	457	2.469438056295367
396	457	2.328588027277826
453	457	1.91354727068311
73	458	1.4155802377671287
124	458	2.4539081661641537
128	458	2.0711264062540025
178	458	1.4027573545826384
271	458	2.083206748496233
282	458	1.5720681162129542
284	458	1.6119097942309137
320	458	2.2163999366472913
349	458	1.6515566362741396
380	458	2.3873296845485195
383	458	1.9782628972745806
389	458	1.2918029642604762
38	459	2.8318164664796424
50	459	1.9731510567081791
66	459	1.8967506797879976
94	459	1.8683777345990913
123	459	3.2964776099570203
220	459	1.9578268908661554
306	459	2.1861184217353564
410	459	1.5687905088637581
440	459	1.8403567253733075
61	460	2.2188746440993277
95	460	2.108575305431097
109	460	1.3135942622787469
137	460	4.025180097351665
163	460	2.231204293295305
166	460	2.1545849505422456
168	460	1.8963741176363134
179	460	2.0218829934107845
225	460	1.2688997223290863
348	460	1.3092695752827797
439	460	2.40652880816938
109	461	1.5412418723450272
151	461	2.021886494190613
157	461	3.4917004303014267
187	461	1.571171642256339
221	461	1.431589292260008
225	461	1.768054556770593
59	462	1.813143946176886
72	462	1.9784115653875103
196	462	2.43106672797313
197	462	1.9054683264333656
211	462	1.8340853367494991
212	462	1.2363720071166728
240	462	2.460846934014762
249	462	1.4898523420674703
254	462	1.486314245463976
265	462	1.5685456237271955
279	462	2.386574718994984
331	462	1.575870084312093
343	462	2.423973212111972
365	462	1.8069383096893334
373	462	2.183114774686639
40	463	1.9268383079682783
122	463	1.466348222724716
140	463	4.090153586580346
206	463	1.505404221455156
259	463	1.3221817428354523
267	463	2.240953586950016
269	463	1.5627777355553616
395	463	2.2782259195261387
7	464	2.3320712393507783
19	464	2.2652386892298555
24	464	1.3995205276088438
58	464	1.2198342513119198
93	464	1.3203898577042643
98	464	1.811026834434748
159	464	1.666321953713392
174	464	1.7010652772734363
183	464	1.45021135140778
190	464	1.214227636740847
336	464	1.7577660107987398
338	464	1.2094399176966122
351	464	2.4657498082733755
435	464	1.6046456743881818
91	465	1.8810484792875135
168	465	2.1732149267620615
175	465	1.450897871156196
193	465	1.8869901758812149
221	465	2.402526770807907
364	465	1.707905308553421
391	465	1.2474568689095304
416	465	1.6485268274090297
425	465	1.638226834980057
436	465	1.2850211780050553
460	465	2.3572340281604998
19	466	1.7475438615402017
69	466	1.2707980936918915
87	466	1.8537083398635692
156	466	2.1573413348515023
234	466	1.3585059316345436
258	466	1.738469122980612
346	466	1.7901262666754367
12	467	1.9242663074099564
25	467	5.976259151227229
45	467	1.5087818784902531
61	467	1.2430974254822538
101	467	1.2785556186732483
142	467	2.3195360351923187
182	467	1.6525405053112308
272	467	2.0709537281384325
277	467	1.767270924290955
309	467	2.2570316536157833
456	467	2.1469314135971755
75	468	1.9971431428082687
83	468	1.3581866503802478
114	468	1.9741381373835267
171	468	1.6198746333801555
182	468	1.3811596879798298
184	468	2.237712087850667
201	468	1.5934595487263485
217	468	2.0241660171077953
239	468	1.5351888889755907
333	468	1.587840944561204
384	468	2.154539805116155
407	468	1.563481349787089
411	468	2.2045048998502503
11	469	1.4078579967869873
34	469	2.2987152700934845
76	469	1.891588831795505
120	469	1.752023136286187
176	469	2.2478096000875714
251	469	1.633374452012752
263	469	2.0831400816375316
330	469	2.2915136526949658
334	469	1.9543082074627631
385	469	2.21303024359352
393	469	1.6022775081284224
437	469	1.9766056519260549
48	470	2.2548809099480103
74	470	1.2491146019260235
155	470	2.9643789612133062
316	470	1.6246909873959245
409	470	1.8487860460112693
469	470	2.229590771665076
8	471	1.8242058485644663
21	471	2.0434815520605625
23	471	1.8505665252322387
104	471	1.6489832884826077
134	471	2.266207071893102
200	471	2.0644125399853857
247	471	1.49437664178732
301	471	2.2833867248810593
325	471	1.297032071711751
408	471	2.485356028984363
413	471	1.356258995270559
5	472	1.2248674058343718
34	472	1.757561346271119
40	472	1.5861861107528574
50	472	2.229013732070566
140	472	1.8229057065552328
170	472	1.8475613376110784
335	472	1.9793682122608756
436	472	2.3386770577977694
463	472	2.3058926608240284
5	473	1.3438450961975361
13	473	2.207762574573957
40	473	1.7419616618499454
241	473	1.6474786188491
337	473	2.307105433935777
354	473	1.5858632440191203
383	473	2.107979873671139
11	474	2.4623207002767575
27	474	1.4645897752335715
160	474	1.5803226875199852
181	474	1.8947474297487323
352	474	1.6673930693965344
403	474	2.276827797395505
406	474	2.1536360915158963
417	474	1.6560197972913644
420	474	1.3193907056583898
452	474	1.2123966944409015
10	475	1.8470077215204106
137	475	2.0360598044113445
179	475	1.4667611535921088
193	475	3.630603196636388
216	475	1.8987342327583225
220	475	2.470077001088912
345	475	2.444112447147716
417	475	1.211012911215873
425	475	1.206730430120742
0	476	1.746139379502975
4	476	1.6196257911991978
14	476	1.6250823862280421
176	476	1.7284080536188529
232	476	1.67112328380839
324	476	1.961922826888936
388	476	2.3307595728660244
393	476	1.5657896103698832
414	476	2.3400703550506057
470	476	3.926982532375869
18	477	2.057484187245479
90	477	1.8490738993443516
136	477	1.866727512236719
168	477	2.0639754253960674
221	477	2.2577034568243826
225	477	1.6025966094370054
314	477	1.251754556710197
364	477	1.5730989102557529
391	477	2.207511647028852
409	477	1.9094557487243078
460	477	1.9794893132630986
84	478	1.8557553751631772
106	478	2.9098703355858957
130	478	1.4888795064475606
167	478	1.797341506036691
181	478	1.671439404181311
184	478	1.401239677878847
264	478	2.2549964099129416
294	478	1.5882279607118714
295	478	5.565256127906855
305	478	1.7679811231350797
308	478	2.439756007940188
403	478	2.3180790255014143
474	478	1.668282498412648
120	479	1.8403397214214736
151	479	1.4964337138055845
175	479	2.3951297399532234
202	479	1.4939840596760547
227	479	5.850767067264574
391	479	1.6679325006831414
439	479	2.4928376566882724
454	479	2.0623082011348672
47	480	1.2221514841934817
48	480	1.8854081979694821
60	480	1.23552161438644
64	480	1.4879175348810318
204	480	2.0470925246418403
237	480	4.361095487123027
298	480	1.2281141470934889
317	480	2.035555290482148
320	480	1.9014135897016344
392	480	2.3725635524554334
443	480	1.369341155519336
88	481	4.661898745534119
160	481	1.7982645783482742
191	481	2.8996306105305676
199	481	2.2748851332153994
285	481	2.1152144151913497
294	481	2.390151512291399
321	481	2.4595933721475287
352	481	1.6304609504849215
397	481	2.1499779855343952
478	481	1.2152104347364194
2	482	1.5916580702812755
111	482	1.975230036886684
131	482	1.6894059428797368
177	482	1.4346981597696746
187	482	1.934414920412209
189	482	3.941406154679906
203	482	2.1481904826451537
204	482	1.6343253129448407
233	482	2.3120207308757816
281	482	2.0735420515556244
380	482	1.5454489168865293
35	483	2.0907793071410854
71	483	1.9861557322713157
113	483	1.8137141340352723
121	483	1.2206046921038234
236	483	1.679976555459881
240	483	1.544840625931703
257	483	1.7178292269410296
310	483	2.0019695971699822
313	483	2.139672343033959
424	483	2.038945051919561
53	484	2.181299824609389
62	484	1.2709152837709097
67	484	1.2434503920181699
96	484	1.2111421422039699
103	484	1.3784801429668567
174	484	1.5455767137781096
222	484	3.371245434729058
300	484	1.2170398275721586
356	484	1.7518961301295652
381	484	1.8909285432730722
396	484	2.246469462583222
402	484	1.8246683367008076
419	484	2.1608347860295445
449	484	1.7731855586176648
12	485	1.3623437584619136
30	485	2.447683298015934
55	485	2.478110988718927
75	485	1.2610507117186083
119	485	2.2020829128340846
144	485	2.2058339062591816
162	485	1.7907394574351583
217	485	1.8362911337817214
277	485	1.731147706148878
297	485	1.96363658849119
333	485	1.9116710796458087
447	485	1.9508162942432818
2	486	1.4995728405361433
48	486	1.3481645495464059
76	486	2.4630585147085338
155	486	1.7906689807021596
187	486	2.113476319639009
268	486	1.683781355848276
321	486	4.201164722173049
393	486	2.067661452336612
60	487	2.2592834351740256
64	487	1.384030175457761
147	487	2.070814169516011
178	487	4.168594560548565
231	487	1.901261098049407
287	487	1.7767777873110537
420	487	1.6992595104359673
442	487	1.337667867929877
480	487	1.8118864813466335
23	488	1.491804407455312
154	488	1.6466956679414722
211	488	2.413598348906576
328	488	1.810923085365158
356	488	1.8419107015791818
460	488	2.3998645414221227
7	489	2.259884371574393
58	489	1.7226994080350189
87	489	1.664294942139155
125	489	1.7332704874092082
171	489	3.6243826286979792
190	489	3.599035232164333
243	489	1.3350753025011313
319	489	1.2175335260643343
412	489	2.0943943345381393
35	490	1.3086753558849318
116	490	2.1401010122206032
217	490	2.2365188247995142
243	490	2.383943256735647
289	490	1.5003068193606557
306	490	2.3060954305471126
348	490	2.103131731415488
436	490	2.4532198063659103
14	491	1.7518563771988656
110	491	2.4680875676178
136	491	1.5793263140131153
154	491	1.8143179838276149
203	491	1.9456289464122523
217	491	1.8653449632235357
231	491	1.3664773481184964
266	491	2.4910021357433054
378	491	2.432946464546644
379	491	1.9363059613167986
448	491	1.8470227486001927
487	491	1.6304162396891435
71	492	1.357741534166889
90	492	1.9504030790018114
114	492	2.117821854569032
158	492	2.033285664435439
194	492	4.424945626151856
201	492	1.7054814040184216
227	492	1.2069656062602676
269	492	2.028771289817759
290	492	1.2481537067544788
369	492	1.821434842684749
52	493	1.9857953703715752
73	493	2.4347223632364594
133	493	1.2874631356474926
177	493	1.8133845788393694
291	493	2.3454554632682294
296	493	1.53862755088607
309	493	2.255568735705118
381	493	1.2491443466787262
429	493	1.7649070180059598
435	493	2.1501314968560443
465	493	1.4377320466162575
471	493	2.4033491606640225
120	494	1.2010113240054336
199	494	2.4384596924040194
259	494	1.8586171694213474
270	494	2.0492839699867913
304	494	1.9584172015384809
393	494	1.2583169048274208
463	494	1.6897937979237236
48	495	1.4275300509585451
81	495	1.5739245919833247
176	495	1.6741052761359108
218	495	1.8534936290031458
228	495	2.013672769507113
269	495	1.9905324898087084
315	495	1.7369507344369683
321	495	2.2134439921775195
324	495	2.0717802298004315
357	495	1.2086966413447806
385	495	1.6957843162353936
393	495	2.1783213184976957
402	495	1.8989002769684777
27	496	1.9937955040518724
75	496	1.6266913799249916
134	496	1.5214987911425872
161	496	1.8119682258369316
202	496	3.75606585345601
221	496	1.2659580946011753
364	496	2.4797996054495615
391	496	1.378464996871456
479	496	1.8840217979238512
85	497	1.6863675402052782
90	497	2.497885424526391
94	497	3.4580812552390205
215	497	1.7567529815132805
261	497	2.4145404681591494
308	497	1.686408968478866
352	497	1.6173331002677325
361	497	1.7630384861599318
376	497	1.6758448446192715
417	497	1.9577104607020654
422	497	3.4068036386949583
426	497	1.5306098695800257
6	498	2.310825161989891
39	498	1.9432780295342724
163	498	2.0171456942719406
197	498	1.3641828629048836
239	498	1.5634703877786162
308	498	1.275997156941407
365	498	1.2596351830009827
394	498	1.20686750639943
415	498	1.2482161268253757
447	498	1.4761105800831968
450	498	1.4066879871400062
462	498	2.0743518804325753
2	499	1.6042642045617668
17	499	2.4919492551055944
117	499	2.2835454079767823
138	499	2.1271779327672165
350	499	4.022959513716133
355	499	1.75258550255101
374	499	1.9029233957187555
385	499	1.3513159996794084
387	499	1.8912327459859772
393	499	1.4792698053392022
