31	52	2.1458661077342693
27	65	1.5974485878052298
66	68	1.324452925887075
2	81	1.9063147859175686
6	82	2.1566832448676823
48	89	1.2323377481828686
44	98	2.452097431762226
58	101	1.9412962878380737
56	104	1.5837564797274692
111	115	1.8667332253691402
33	120	1.317853955896017
60	128	1.2459410947221614
99	128	1.4826543786406483
0	131	2.0763283479045467
127	132	2.1518277959112666
26	135	2.2865044191924913
18	138	1.2505843255852822
7	145	2.2190889884620173
14	147	1.899327229117472
9	162	1.6237969217794097
77	162	2.2565706771829155
70	171	1.4747142599954375
133	173	1.78370307214308
20	181	1.593751107872731
64	183	1.2447229111752836
93	189	2.479369413559333
105	189	2.3341368977737273
127	190	1.7026482877166982
174	193	2.1555821613157513
92	194	2.3154824873678086
79	196	1.8810412236344543
94	197	1.2894880764292973
49	199	1.2659713650973186
172	200	2.00096304506447
159	202	1.246865533490915
172	204	1.482420710406207
152	208	3.4321490595890807
51	209	1.4736570741163735
95	209	3.9678305789430075
60	211	2.305801356844722
207	215	2.373262773398003
176	219	1.7396409493915193
194	226	2.0039547860793796
55	231	1.2842819022671716
50	232	2.3188925501246738
184	233	3.587712967181081
48	235	1.3333084212494992
169	237	2.00547696636019
60	242	1.4519301173684767
69	242	1.7103931643329155
17	243	1.4333216642554951
76	243	2.2781314056539825
80	245	1.4194143357392501
110	246	1.4978804205462
156	246	1.319429806446499
89	247	1.6775434303569066
111	247	2.235565711474231
92	248	1.8173323966084585
68	250	1.7842568974131519
57	251	1.4738843805511914
30	253	1.581021292790581
134	255	1.7380264523741635
176	258	2.2513027440619098
223	258	1.262409673540844
176	263	1.8095917508695902
124	264	1.9582422507521104
142	264	3.8645763614940503
111	270	2.3764921276416544
208	275	1.5364287407943422
98	276	2.1558055302394763
217	276	1.8608103389497352
244	277	1.4938171079131704
68	282	1.9555935695404654
90	282	1.6942164574457335
61	283	1.3893865274296162
41	287	2.206449995257726
263	288	2.233344278637429
90	293	1.501136902185546
283	293	2.231516283101211
241	294	1.9672453293840144
278	294	2.2977052293360063
80	295	2.0163348599093256
291	295	1.4848748384348904
25	296	3.8106241895879163
80	297	2.021246329925671
171	297	1.9828435081395055
242	297	1.9362206064660459
251	297	2.004286161791531
44	303	1.520133849699284
102	303	2.057822386979652
94	304	1.213395463577443
75	305	2.411853118911404
169	305	3.7942769157892147
181	305	2.320204834796261
105	306	1.6972449715617839
93	307	2.2485204734016184
78	310	2.0899579305259306
144	310	1.797189841757353
138	311	3.3773233860099916
139	312	1.7947411331881074
79	314	2.183800852047839
183	316	1.4906340204596873
20	318	1.7379771173401655
277	318	1.715512445547919
284	318	2.008904335476767
4	322	2.099133035446019
169	325	2.4590309382067965
146	329	1.9301876029784983
259	329	1.3039668425396918
322	330	2.478661281993868
18	335	1.7900706234416934
259	335	1.5359387744407422
194	336	1.4143173619909495
203	336	2.001747264551631
226	336	2.221107931208782
269	337	1.2510205088571467
25	339	1.8954613703412226
254	339	2.8233881944326837
321	340	4.703078319748769
236	344	2.0680023398140914
105	346	4.1364026079664775
205	347	1.652205281473036
180	349	1.792313377204621
195	350	1.6563759436827752
307	350	1.3036093640641282
206	351	2.214467524350999
256	351	1.2941538910925385
233	352	1.2577217984368416
11	353	3.717063227495289
87	353	1.86741131238312
153	354	2.2485335922354537
227	357	2.0234072657167665
217	358	2.307491642820033
129	359	1.6959985450764898
203	359	1.2459350281555477
312	361	1.828967462863241
271	364	3.6053323874519885
270	365	1.376662651079464
278	370	1.434298387757548
200	371	2.3624315316298476
306	371	1.6250710637693297
358	371	1.5843729388769408
280	372	1.2918048965383189
195	373	1.7547784784109863
280	374	2.0328872486840863
42	375	1.9433277108649643
298	377	1.3475858215538326
270	379	2.1592529782111347
60	380	1.5123924221253404
203	380	1.740978322586226
23	381	4.615437209778404
129	381	1.8498717392998705
214	381	1.823347659525051
310	381	2.1072499764539927
322	381	3.595850866475934
67	382	1.5449291429012335
216	382	1.4025881713398363
341	383	1.5543441268441784
19	386	1.7995906451099846
332	388	1.7440773843903652
131	389	1.6958845766973685
134	389	2.428348589333506
207	389	1.730211707989283
53	391	1.4147741253039605
278	391	4.3495995463003405
159	394	2.4654525897554302
86	395	2.108816674785454
103	396	1.9300987158433902
108	396	1.4311734880388314
114	396	1.6135421480051535
12	397	1.3478901657907447
161	398	1.7686070601881136
287	400	1.655901570301756
309	400	2.3980127903421184
80	401	1.4648697926859908
221	402	1.482956262037344
140	403	1.8423143246156177
266	404	1.2700356926473246
336	404	1.8524715306603579
49	405	1.2951686875251736
221	406	2.423349745403141
243	409	2.4960284027257433
316	410	2.264119184137961
329	410	1.4846619055935149
212	411	2.176773189809503
75	413	2.2899329560766435
37	414	1.871048657826913
215	417	2.1858506963274804
347	417	1.4221293914798607
385	417	1.7892786611498546
316	419	2.0627923722835115
340	419	1.7066499086343851
101	421	2.4578167498840857
271	421	1.4978158331268958
153	422	1.6027691578521173
206	422	1.8731563781586082
243	422	1.4034468144033092
382	422	2.4013108042831393
99	423	1.7033745363816708
177	424	1.7341338657066667
116	425	2.1027207553045892
156	425	2.3329871584355137
317	426	1.7700696439841879
330	426	1.8649313513358672
413	426	1.7031189593555163
351	427	2.2744757348008884
285	428	1.7974045117814161
301	429	2.3775530330119294
380	430	1.471640227308994
30	431	1.6570715130881861
147	431	1.5663084952921276
339	433	1.9412073239854364
9	434	1.9996865794215963
168	434	1.881616727919806
272	434	1.734837249758824
72	435	2.172218378435394
100	436	2.178259121341387
218	438	1.7311943064263757
1	440	2.472171176903485
87	440	2.363968863110434
97	443	1.3539805768716484
390	444	2.4887874025560275
7	445	4.496689321278227
186	448	1.5766349006212277
246	448	2.180955992053262
403	448	1.5888054509179865
135	449	1.432275474577497
37	450	1.4957254595331249
56	450	1.8366775984519537
62	450	1.331444121530084
82	450	1.8815480638980024
99	450	1.2330442601665648
184	450	2.260073097228317
202	450	2.0676526292271062
229	450	2.395902615824176
258	450	1.7402470534642855
263	450	2.2666982002352114
344	450	2.2531831941061053
360	450	1.5089906338654888
407	450	1.3891990262621945
439	450	1.3035540612524332
9	451	1.3056884195199283
89	451	1.9158363251806079
102	451	3.8463777473862173
137	451	1.6442095242670027
155	451	2.2024806124180305
187	451	1.4341404527780508
227	451	2.086071840008268
235	451	1.3870483279552617
241	451	1.9311364257767298
290	451	1.3960801285162001
362	451	1.6142011106641665
382	451	2.293765876231089
421	451	1.3508337160231934
434	451	2.4011718836061
65	452	2.04656904974312
100	452	1.6367057854215064
102	452	2.248916667757258
112	452	1.210521678902301
230	452	2.1102408186670476
243	452	2.482586755407417
327	452	1.6891446549415996
342	452	1.8739002207745288
383	452	1.8360813594445342
384	452	1.4107908282259491
387	452	1.6083318840726208
407	452	2.1883056529255986
422	452	3.5329514107875557
433	452	2.4987058853532327
447	452	1.2024066375626037
39	453	1.2412168126152043
103	453	1.3585797996096125
131	453	2.2543975458899563
134	453	2.0739001847121195
139	453	1.6679668541915798
145	453	2.3743003894738877
199	453	3.1695057168143945
213	453	5.8636477363188995
240	453	1.3234896699997816
366	453	1.8706668505967317
371	453	1.3459040703841578
404	453	1.7817537087406197
110	454	1.6185495981930056
113	454	1.3922174582354245
192	454	2.1616334144237688
204	454	2.240296501039327
291	454	1.8306348268918768
354	454	2.375507268724979
422	454	3.874114999128345
429	454	2.0349486489346154
433	454	2.0038558494099803
439	454	1.2365500152719175
9	455	2.102912464010083
14	455	2.355744022535955
31	455	2.252339262212882
42	455	2.283399277901175
290	455	1.4008550184040154
347	455	1.8526265314068353
357	455	1.7931730808800292
434	455	1.754466449483691
81	456	2.028581037359602
84	456	2.028762432973591
106	456	1.2934289134349461
125	456	2.0908242679820224
242	456	2.4358274417807393
355	456	2.0323753505043016
412	456	1.5065973828590122
5	457	2.126127033810373
70	457	1.9696061758371084
97	457	2.435676340809856
103	457	2.1473881196947855
108	457	1.8676832073837732
110	457	1.8927108861326398
113	457	5.752213623561417
192	457	2.3456164839907876
374	457	2.010488894580558
409	457	3.7058484746344207
410	457	1.4135178427550241
421	457	2.061442119595718
433	457	1.4108152439492727
441	457	1.6748374959018426
0	458	1.2726473551425939
71	458	2.4890234933523727
76	458	1.281018500020114
110	458	2.048928506659916
153	458	1.374144234933028
204	458	2.4674079546964918
231	458	4.691729298953684
327	458	1.4124182901925808
334	458	4.321701291267214
374	458	2.931324237847232
401	458	2.2378731716711906
422	458	2.0432936364932948
433	458	2.3317837679542546
6	459	2.4853960697512054
36	459	1.594377922587475
54	459	2.4276443587706114
73	459	2.1023497339905237
87	459	1.6061251694692245
105	459	2.146943040312258
144	459	3.7396997112035004
207	459	2.216470706482223
215	459	2.280930051089697
218	459	2.195300431853939
226	459	1.468282464184209
313	459	1.492087543310007
322	459	2.139331099348941
330	459	1.8278253732058984
348	459	1.3954377178099249
381	459	3.3715194750379887
27	460	2.1692312415321258
51	460	1.268346488524619
77	460	1.5194588363082708
152	460	1.9920925656945452
181	460	1.733699078774091
304	460	1.3773416401316732
318	460	1.4476333726006752
355	460	2.1672804056081776
411	460	1.6894118528547521
18	461	1.207147142647868
40	461	1.5997057182550904
68	461	2.059907116039482
90	461	2.291570446747704
311	461	1.7883895777257421
12	462	2.2390332064239926
21	462	2.02684986865728
38	462	1.4596874004832499
46	462	1.3513439184549287
60	462	1.992511325264562
99	462	2.3130647617382856
117	462	3.7552657139818124
133	462	3.3266998043778724
211	462	2.954528921859474
233	462	1.6042808820849865
344	462	1.5428232074612733
375	462	1.4816733834136895
382	462	1.2059217821040578
395	462	1.392572929384913
42	463	2.068326185909294
67	463	1.45876871419997
72	463	2.4219519873388275
83	463	1.6379218680260403
85	463	1.6865976172329458
89	463	2.2976749132676915
102	463	1.2074310755758957
155	463	1.3192024279688086
207	463	1.5892572856409768
235	463	1.7747869855227125
241	463	3.627634579498384
247	463	3.718157168952698
303	463	1.4838281404437843
399	463	1.4132381038824002
455	463	2.333252502399875
64	464	2.141950849701573
77	464	2.36070790135328
87	464	1.973094797113336
125	464	1.3037082963137712
152	464	2.426501324254607
157	464	1.9573869118984049
162	464	1.768803976925577
197	464	1.5330612324710495
205	464	1.3669156608437671
277	464	1.234342885145549
302	464	1.6946167904480105
348	464	1.5624594636050562
363	464	2.180373800122518
367	464	2.252903211939028
418	464	2.250196597718314
440	464	2.194812154916459
44	465	3.1495314137569768
90	465	1.2621963635702589
111	465	2.4530234627091843
187	465	1.3333567643335886
198	465	2.1471758359118995
235	465	1.866689321978585
239	465	1.77202761605468
325	465	2.026265072094873
357	465	1.8111207735906505
371	465	1.371637423517939
382	465	1.9771049803721628
19	466	2.323070223063236
58	466	2.2683886254648495
134	466	2.2926886384632956
142	466	1.7050413982306027
175	466	1.2616535814218572
177	466	3.2368743492972
185	466	1.446254094871733
245	466	1.579361025873757
251	466	1.565495892085475
263	466	1.6150778297411716
314	466	1.8196716737191618
424	466	1.5171807806797326
446	466	2.4206443433634197
108	467	1.6719867649277316
132	467	4.6497622778959276
146	467	3.4269406781201166
190	467	1.4318886282534111
236	467	2.2532563499334506
281	467	1.9844496947301686
299	467	2.2698047752976245
309	467	2.4400144231009935
445	467	2.374423212863086
446	467	2.355572856215038
449	467	1.2417881463306257
459	467	1.2811289128960466
7	468	1.5286812873854112
88	468	5.137671103280459
132	468	1.5941874403383967
149	468	1.9655407391869515
174	468	2.205915635970437
190	468	1.2567345787724842
257	468	2.296498109207677
326	468	1.21416221097788
340	468	1.840914001234963
419	468	1.8034795358655027
426	468	1.7833066723495516
445	468	3.588035197140729
59	469	2.269561236219703
68	469	2.4243985529479897
156	469	2.2677535676595197
234	469	2.0766303398308286
242	469	1.644528907483457
260	469	4.651730849971951
269	469	1.7571516008877857
282	469	2.059663873698427
312	469	2.2465346034795735
91	470	1.9597984107143382
146	470	1.5448846241669774
174	470	1.320092591331354
281	470	8.140065234933013
298	470	1.3284194502672204
326	470	1.8210327573352325
335	470	1.7642677248492662
377	470	1.747675287713924
406	470	3.011791683067666
414	470	1.8350634332413913
419	470	4.461474689242429
446	470	1.6176078486437075
14	471	1.4792846727802749
44	471	1.3924032063342886
52	471	1.3707947065959964
58	471	1.7718731739775562
67	471	1.6463436929915476
73	471	1.2556382734317921
83	471	1.9308599357820688
96	471	1.3417184242532474
101	471	1.2155519920174367
145	471	1.5073014602446966
216	471	1.986013522515043
357	471	2.1478904302003676
365	471	1.454570877022796
382	471	2.0080751269403185
434	471	1.638153337362839
455	471	3.4645550565020384
3	472	1.2723489795070335
49	472	2.3463114774412857
122	472	1.7217598372932046
134	472	1.445860557506521
308	472	2.2555189205606982
313	472	2.1158633371570357
324	472	1.7017120850326573
29	473	1.2921521082460645
82	473	1.4181887058761522
104	473	2.747793830165338
113	473	1.2771943897421063
128	473	1.54853158756787
133	473	2.156521601460142
159	473	3.615028748882907
202	473	3.4623761893395715
320	473	1.4595313993804944
380	473	2.0790238980239053
450	473	1.6099763404351761
82	474	1.517778932424724
99	474	2.104739428346285
133	474	1.8546737969750038
192	474	1.7088120099589332
263	474	1.3747636292601435
305	474	2.308276165302405
369	474	1.3928562011679821
375	474	2.0220452878282513
450	474	2.1190848287353266
66	475	2.4339784104097575
69	475	1.7544984171038875
107	475	1.5293125217258372
136	475	2.456709531697907
140	475	1.49347951953217
148	475	1.3839231619928838
165	475	1.2604514737204577
186	475	2.1861167163698876
215	475	1.7012291499170742
249	475	2.2659683966906736
250	475	1.623694701804018
259	475	1.8737854896156176
293	475	3.5846790839944083
311	475	1.6147943528493358
22	476	2.0311763046920746
31	476	2.1919976194819526
72	476	1.6289161657797586
115	476	1.6622389221982101
216	476	2.4627224197036144
421	476	2.190439220721107
424	476	1.8575527445341793
33	477	2.409465539136202
136	477	1.7271071775726954
157	477	2.412222420237487
235	477	1.2301399453570883
266	477	1.8620990911537871
292	477	1.8025296806428235
300	477	2.4224379976184593
302	477	1.3063448258980337
460	477	2.229691863892783
8	478	2.2341718973420632
36	478	1.9284363725620501
71	478	1.436173989317819
74	478	2.4523889841295654
80	478	1.4715625101218368
94	478	1.2306940107087156
109	478	1.5779522765700884
122	478	1.9133820759428941
131	478	1.9916179746300955
134	478	1.2876300816714525
199	478	2.0904885565319185
213	478	1.414250051023468
267	478	1.3680173138607523
269	478	1.6381291112559269
332	478	1.2119383624691227
338	478	2.2754207854453776
370	478	1.2045410855321563
415	478	1.6401757115850144
10	479	2.2203967104914737
16	479	2.2662154095967324
62	479	2.067884803235665
110	479	1.7060776582036385
273	479	1.4527470862368213
308	479	2.338295402722963
412	479	2.350733985834411
441	479	1.6538858857861898
457	479	2.0999939942740697
458	479	1.2506131311164952
0	480	2.4257899103271097
36	480	1.7406037300188972
49	480	1.486412648865531
103	480	2.101635495795988
131	480	1.7663259188399942
154	480	2.077838795798871
199	480	2.215538672868468
205	480	1.8536900618070948
213	480	2.422741097876412
240	480	1.3310049837087377
337	480	1.8984532183737408
377	480	2.234642137937037
122	481	1.3175098085976704
153	481	2.0696219361910346
372	481	1.484499995441236
384	481	1.7344283094902093
404	481	2.4755545283800924
446	481	1.2685540213790587
457	481	1.2473629623882023
21	482	1.394887932063098
54	482	2.2122066797445945
127	482	2.2170994808662763
189	482	1.5251228108310562
248	482	1.225693204675724
310	482	1.7292959114418114
330	482	2.289335619117094
404	482	2.0613604402493393
414	482	2.1570960775141037
55	483	1.4343591310926853
81	483	2.1426298505734014
97	483	1.2898551728234031
100	483	1.2060482762447673
113	483	2.3943154625666936
146	483	1.9010802904820407
203	483	1.9448668854289886
294	483	1.6485553515469562
327	483	2.0487174443194727
384	483	1.6228180361672833
409	483	2.252360737737331
427	483	2.1716818275459
429	483	2.4169853783214363
433	483	1.5961180292164578
28	484	1.8849292062771055
87	484	2.304002507923541
121	484	2.267680286177259
162	484	1.7528449615202555
208	484	3.0978698860972402
269	484	1.9709274708293578
270	484	2.0952925472236243
272	484	1.7604042096070431
345	484	1.257597651378157
352	484	2.373982621135342
361	484	1.5669200715215292
379	484	2.210499969045821
464	484	1.6970054715252023
477	484	2.2529856451036316
7	485	2.118497480256514
40	485	2.362018429215121
78	485	2.2639200959673413
91	485	1.2346330450312857
149	485	6.213139809056338
154	485	2.4750974702996693
174	485	2.169646564087503
257	485	1.3910841668462401
299	485	1.4535917530516778
310	485	2.1716622813682473
316	485	1.4499586227533907
406	485	1.7588486930901435
34	486	2.3795389914711276
66	486	2.288669417197263
114	486	1.4295892636296281
180	486	2.1421544399850507
336	486	2.0769680078171424
349	486	3.131955599091538
398	486	1.5106857796136497
401	486	2.3598231219723522
5	487	1.5268690853997506
86	487	1.9655659767792937
94	487	1.6966111068087368
126	487	1.9271573042433099
147	487	2.366989899002848
167	487	1.4722302915171397
211	487	2.2946629245753467
213	487	2.1504438496040676
219	487	1.720846057346447
251	487	2.3798075348950496
262	487	1.8688910927253128
368	487	1.3936094742035634
395	487	1.6382368160192606
420	487	1.4651601356345687
462	487	2.1919241570648933
92	488	1.3084188778474801
129	488	4.603324307388772
218	488	1.7837957525804753
226	488	2.1755357554634265
243	488	2.4495280001753965
336	488	1.6246800252590747
401	488	2.3186730549498193
404	488	1.4313542046026653
417	488	1.592468450219641
5	489	2.433654702457434
62	489	2.0231379834869716
86	489	1.6045562920045369
123	489	1.967328601872111
202	489	1.3970501931268144
211	489	2.058440672638515
263	489	1.336308874728327
288	489	1.7608737611616192
345	489	2.278130308189193
369	489	2.2365304872408105
430	489	1.8005358805290572
10	490	1.580505708343866
55	490	1.8191803391395869
70	490	1.3471370937503915
229	490	2.2785053082467384
231	490	1.881078569951011
248	490	2.2583354622626834
287	490	2.1967120775462696
331	490	1.9179128881652598
379	490	1.305297366275519
404	490	1.7893269341805866
409	490	1.4465622889420424
436	490	1.631834473223352
439	490	1.3605782627959264
479	490	1.5757417746605182
62	491	3.921963827155715
92	491	2.2447921503502846
368	491	2.395722951822223
375	491	1.5240735176431501
464	491	2.1510375355806195
59	492	1.7339843665161694
73	492	1.7949636506616717
105	492	1.9195342878721315
201	492	2.214721282235491
226	492	1.6093758303151047
329	492	2.445279703229441
336	492	1.3905293064063613
381	492	1.8093132796697193
417	492	2.0625655345498277
459	492	1.4108989705256196
482	492	1.632329949870388
43	493	2.0850017943613497
60	493	1.624589442954
123	493	1.2203515974266814
126	493	2.451916267939093
167	493	1.3728861851216585
219	493	1.3424541609735265
288	493	1.6148822708176875
369	493	1.4181178583921197
450	493	1.9189099445523983
128	494	1.209719780101927
147	494	4.421599767822425
202	494	1.3979395775194157
223	494	1.8887133271918186
236	494	1.866002689688759
319	494	1.7201952661699194
375	494	2.3959809542870323
392	494	2.1268581758689753
430	494	1.9427287020906587
489	494	1.7639306330044486
71	495	1.7431174281471065
118	495	1.2848673863442799
131	495	2.37041281368445
145	495	1.996059449636135
210	495	2.3417631585267134
294	495	2.3028227456439887
324	495	2.0838508284620034
370	495	2.391772796236361
415	495	1.2444152100138675
470	495	2.3103164415281583
3	496	1.8390095603751546
30	496	3.807977025853215
107	496	1.2531570877464384
148	496	2.333744557101437
156	496	1.8708765535028333
250	496	1.7577507314188703
311	496	1.8826391978724661
396	496	2.019358807917155
398	496	1.6847128383148673
431	496	1.261627234666169
7	497	1.3772948316768365
103	497	1.3345393351668324
108	497	2.0913578439330465
135	497	1.3056776658684828
151	497	2.2093088512814227
163	497	2.070691522496614
221	497	2.254561235808226
222	497	1.28220598086882
257	497	1.8470883204211241
298	497	2.431949019390778
317	497	2.143180542549694
319	497	2.3252790032884283
340	497	2.1109775084372964
377	497	2.1421152721752375
445	497	2.4936530365728236
470	497	1.3170028463019938
15	498	1.7933951023458188
20	498	1.7099073737973032
39	498	1.358858132249859
53	498	1.8872606959704528
87	498	2.199594366291609
106	498	1.4879824490119193
152	498	2.219682409573648
292	498	2.446671130854925
304	498	2.3782702401189884
352	498	1.9964783638376271
361	498	1.8545594373441205
379	498	1.3109279960382507
411	498	3.966113143418812
418	498	1.9052513382747318
440	498	3.956459678621532
460	498	2.4625386600053734
90	499	1.9043370622480418
114	499	1.7445804502953721
165	499	1.2837581362662476
182	499	1.2316836575986512
220	499	2.057673712688351
252	499	2.402486345791391
403	499	2.148860757171174
469	499	2.1012462532929574
