0	103	1.4248288345911384
0	131	3.8749136758331697
0	154	1.9583759988491802
0	199	1.8075769271669677
0	269	5.7169712762479
0	308	1.9250290112822759
0	371	2.161620862370345
0	388	1.809378063153325
1	118	1.4031627350243239
1	133	2.127371796392626
1	147	2.211739204312391
1	167	1.7699387834397757
1	288	1.2528939969953052
1	351	2.261127334723314
1	395	1.6892274436892991
1	397	1.5382135714643357
2	11	2.2704398276017645
2	81	4.259751728425829
2	95	2.2206162930418154
2	98	1.9322793053939131
2	135	2.4604088041597585
2	315	1.5018707736146863
2	328	2.4428727128409866
2	342	1.9229145250301043
2	362	2.3304704459815198
2	413	2.223063385620076
3	40	1.4238246325864854
3	66	4.113630575681407
3	69	1.8911915827115684
3	136	1.70336440018605
3	138	2.003818292782274
3	154	2.245384327937769
3	234	1.7026496421319544
3	242	3.761137322311451
3	246	1.7774016958162557
3	253	2.0474277624652375
3	396	2.253850409804314
3	425	1.4579512664324312
4	207	1.5189791630565321
4	226	2.1994001435243136
4	235	2.222825262866648
4	254	1.5707715520849534
4	266	1.8802888173531254
4	306	1.7544817589689923
4	347	4.3269097632324245
4	359	1.425391097167188
5	128	2.4569158380978093
5	202	2.038271456307336
5	229	1.7366088856712745
5	385	2.390720554369579
5	397	2.4869621574775564
6	23	2.4662175041511714
6	82	0.9374547401906244
6	105	1.7538560541481547
6	218	2.1502460802758456
6	329	2.2547159647478177
7	91	1.5412730618861314
7	127	1.7708245127702043
7	145	1.7216340565886348
7	146	1.3233763555134883
7	281	2.3894274841676584
7	298	2.0233065155449355
7	299	3.6002391734612633
8	36	5.146029492237215
8	103	1.8797635221740032
8	144	2.3464255985131457
8	145	1.7286702793894615
8	199	1.9198415190910236
8	221	1.5907695014191117
8	267	1.7066390281860244
8	294	2.1145538424183936
8	308	1.507454003148477
8	338	3.5441187139375563
8	366	3.7983039444206925
8	422	1.3874400129725342
9	52	2.031224992164044
9	83	2.357235195707222
9	162	3.6119051942137315
9	173	1.3942284272617038
9	198	1.7997629386566332
9	230	2.4642670858697286
9	239	2.369020336149165
9	247	2.1844289844047378
9	350	1.8938019710634348
9	378	1.9450839595609097
9	434	3.4677308184307085
9	444	3.0553489114293284
10	110	2.448871884333389
10	153	2.425741284788235
10	264	2.4444737900512443
10	271	2.4692828983490953
10	287	1.7254184915612278
10	422	1.6754492069993319
10	433	1.6056702362929396
11	154	1.9905534740928057
11	353	2.1697049498300776
11	365	2.441399858754248
11	414	2.212010154563834
11	426	2.036547621283626
12	15	1.2013022581751942
12	21	1.5501987769827454
12	22	1.7585339629594103
12	104	4.040717884224015
12	117	2.422198240300789
12	176	2.49827967006021
12	262	1.9918749742927848
12	397	3.74303892484844
13	24	1.7047396235968861
13	179	1.725318460462047
13	188	2.338291045870162
13	195	1.5095508310130792
13	307	2.174981482376517
13	344	2.311783842842206
13	350	1.3024607733807412
13	362	2.312017557842795
13	373	2.101379329712518
13	417	1.6229720348430376
14	17	1.6759301289243154
14	42	1.8034150827739803
14	44	1.6968660829628468
14	110	1.6232522334880888
14	147	3.514890585676044
14	235	1.3569134406410908
14	238	1.8288005854047313
15	20	1.4637935530805375
15	71	1.401908319736072
15	73	1.285734218673256
15	122	1.8928417765959646
15	348	1.807915375876398
15	367	1.4596254095511818
15	411	1.4454797041871295
15	442	1.6163507031108955
16	41	1.9086674961075798
16	75	1.3919547550697937
16	135	2.080068078115627
16	284	1.9345613905886612
16	314	1.3059468771929763
16	320	1.5207174421255132
16	336	2.493955561442184
16	342	2.2086258916922024
16	383	2.102777688977895
16	414	1.740732417248702
16	426	2.824973114445692
17	20	1.8744232228498148
17	97	1.6309249537493282
17	100	2.3399475078163414
17	113	1.6905436765714592
17	238	2.485673472326627
17	243	3.4620646774905905
17	301	1.5475616191117605
17	327	1.2682225549681456
17	372	1.3836530955627278
17	384	1.5260342772433244
17	409	2.0393845879504076
17	429	4.018706470650563
18	66	2.3133346955900036
18	90	2.399731832429283
18	136	1.937475162362957
18	138	2.548641669380384
18	148	2.3727629415008415
18	186	1.5506924827626105
18	249	3.4039456293424486
18	252	2.091361264728545
18	333	2.4758097775502277
18	335	0.41571527158580923
18	348	2.3123762942043937
18	391	1.6964922890092007
18	396	2.201234688531022
19	25	3.6813811427083474
19	57	2.3378425431286454
19	79	1.299789151386544
19	142	1.717936028947677
19	175	1.905473911233753
19	314	1.3282111777117733
19	353	2.4805649043060063
19	360	1.6155423181861062
19	386	0.40758827925790186
19	393	1.6606155455928122
19	396	1.6548371861946474
20	77	1.2873165031035942
20	94	1.8231557998201042
20	121	1.9470545084822246
20	162	1.8097205393495859
20	181	1.585421217050295
20	198	2.357842780346905
20	284	1.986981274638076
20	300	1.4022638488846397
20	318	1.430879110208609
20	363	1.8922435249534453
20	381	1.995857744277493
20	418	2.2036518448109996
21	60	2.4677391001748186
21	135	1.4973585115778738
21	202	1.7297558814479634
21	203	1.2357709162537545
21	305	1.9575142944919999
21	319	2.440690180880674
21	320	2.4349541081856483
21	392	1.3936149714812
21	407	2.294519038691597
22	58	1.550141641399584
22	271	2.271851703189143
22	295	1.7170073190778388
22	324	2.419824133591205
22	357	1.7353694327968752
23	32	2.343535830802359
23	144	1.2061688594517053
23	336	2.1720340609766833
23	347	2.248428191962084
23	385	1.4674412811414417
23	410	4.411368959243495
23	417	2.097258423039139
23	449	2.2074167563214866
24	65	1.502568131916843
24	81	2.389261003949959
24	188	2.3447272828716788
24	195	1.6889892714357406
24	305	2.1463826208921395
24	315	1.5406658749145978
24	323	2.4665938555590174
24	362	4.04986691211132
25	26	1.220240669174004
25	88	1.670385846420218
25	95	1.7499748379381403
25	142	1.4908873252260302
25	224	2.1041572814481677
25	245	1.2405932694272823
25	254	2.2695231825938094
25	296	5.5539989905394105
25	323	1.540352998177907
25	339	3.3812554893712745
25	360	2.2236960843786804
26	37	2.222456936771265
26	41	2.3534736840216053
26	44	1.4955872294108605
26	126	2.4946183135921958
26	135	4.019005749026686
26	296	1.6947485362192145
26	305	2.4917855116918974
26	325	1.3363295523443142
26	335	3.2128082737566053
26	362	1.2867132438623072
26	365	4.604080696824147
26	403	2.02321717142182
27	28	2.462267353857598
27	65	4.078097333781081
27	106	1.869053822263592
27	121	2.1843963276516773
27	157	1.8197886908455831
27	166	1.9428668128039386
27	181	2.278539227804467
27	272	1.659845817829094
27	404	1.2070769440658886
28	55	1.906883029278307
28	94	2.455618162950005
28	120	1.6513453072017226
28	197	1.731906321361735
28	205	1.9006824724379285
28	212	1.7157990347860304
28	263	1.8970396224324335
28	284	2.2816357004847
28	352	2.070672863198366
28	361	1.3402830557990277
29	43	2.3675521630572938
29	82	1.702031513122612
29	128	2.3840248370683756
29	137	2.2852603648230208
29	147	2.4489868722489208
29	186	1.8851009401657017
29	395	1.8174875271167727
29	432	1.837324964989429
30	73	2.392928695059843
30	107	1.5763804740281788
30	116	1.5948669526138344
30	148	2.3154386080984604
30	204	2.4071431053544714
30	242	1.2187329058763616
30	333	2.268604001699205
30	345	1.4633291495034557
30	431	0.210740213710614
30	448	1.8820717057494323
31	52	4.566226991432976
31	80	1.6212098793498286
31	89	1.6705160215928092
31	155	1.355454928707297
31	227	2.2747781601817865
31	247	2.4686439935692768
31	304	2.4496023342714492
32	59	1.5526392809934806
32	73	2.307224437946714
32	276	1.8884084188058217
32	279	2.268003843196153
32	385	1.6137638114862805
32	410	1.4898283288941059
33	39	3.890564021944028
33	94	1.871543944105606
33	120	1.0666709576513287
33	157	1.6684499246702036
33	162	2.0252620788840443
33	197	1.748972824822164
33	232	2.0943910246915722
33	361	1.8100625689909884
33	426	2.235873385902795
34	51	1.217604170543965
34	165	2.0461537775335255
34	293	1.900614643941407
34	382	1.9295017816885447
34	403	2.4219864726539653
34	428	1.9118729732937405
34	437	1.5627299373847956
35	69	2.2681938647479303
35	75	2.4608342696513166
35	250	1.919597154034511
35	378	3.6901571926154526
35	431	1.734022862943533
36	145	1.2755947700738048
36	213	2.9068393563678594
36	228	1.374748367628067
36	324	1.8855124465350122
36	388	1.7365666781545168
36	389	1.2182104616438267
36	399	2.25335785480714
36	405	1.9670312945974877
36	406	2.3560104778108526
36	415	1.6055679449458218
36	438	2.4669634255646335
36	447	1.3586158865984839
37	89	1.9287716127074956
37	161	2.1006944878928717
37	169	2.132284981472339
37	315	2.1804152381686377
37	350	2.3486371491279616
37	353	1.5791187934324957
37	373	2.0460438322154015
37	414	1.4243531268683696
38	50	1.526567188852567
38	56	2.1249610984919602
38	62	1.8386566839979857
38	167	1.3323274512341343
38	176	1.9763808463198123
38	203	2.012542581485402
38	213	1.7946201819071552
38	219	2.2461026888179694
38	233	1.8329916735981109
38	288	1.4723714748045085
38	315	2.0586373593019776
38	320	1.3225470755587605
38	341	1.333061233178049
39	53	1.668806253024388
39	84	2.3936213256084056
39	120	1.210733740815102
39	121	1.672884902850341
39	209	2.481942040151434
39	232	1.7550490453291083
39	302	1.2489182188982533
39	361	2.2336131593781907
39	376	1.2428457299528877
39	418	1.4667882392239249
40	77	2.4528741496460142
40	156	2.140781314320348
40	161	2.131500445305794
40	165	2.4138855029371586
40	250	1.6142041949836559
40	311	2.0772496111889476
40	378	1.9101879045756642
40	428	1.2643054608016648
41	64	1.683840581411943
41	65	3.512051047180257
41	75	4.484026827832045
41	98	1.241634637807719
41	169	1.8144080949068564
41	183	2.1584700828479724
41	188	1.7177283749227295
41	287	3.7247081821639947
41	307	2.3159457095034646
41	325	1.9494377858038694
41	335	4.169601932100819
41	350	2.028153936746732
41	365	1.221102144763893
41	409	1.8674911127087794
41	414	1.778134345751627
41	443	2.4841124328230944
42	44	2.335292590508712
42	52	2.345266711971763
42	72	1.9301621074121658
42	198	2.4282866430903995
42	216	2.2532404972655797
42	244	2.306414340929662
42	270	1.2948038619072975
42	364	1.835001200972369
42	440	1.338632066472035
42	444	2.4135306390974502
43	202	1.7855013188552844
43	368	2.3825868754551145
43	395	1.9951172818235114
43	417	2.3087917668809625
44	58	2.2533206515749296
44	83	1.7543602930671154
44	98	4.408310943095152
44	216	1.7926369275753569
44	241	1.2778240585080134
44	303	2.763309855516637
44	357	2.4868263487206352
45	75	3.8173992259832232
45	82	1.4291630559609056
45	171	2.238080751438215
45	190	2.486445753117386
45	195	2.03183155749613
45	324	2.458728438524207
46	74	1.9148518063713766
46	109	2.656691557004482
46	170	2.005299836151475
46	199	2.2825702964188634
46	294	1.7850607267829908
46	337	2.133323002596625
46	371	1.6614456455370827
46	391	2.3632006198041733
46	438	2.2020867678037273
47	76	1.4386623032043042
47	113	4.286016803050936
47	192	1.4749038413764535
47	200	2.383607747258761
47	206	2.408760396454716
47	273	1.9766889745541236
47	372	1.2116490316013746
47	384	1.5463485116848488
47	434	1.671617079172607
48	89	0.8370666678074703
48	90	2.459019214001026
48	238	2.030833615382905
48	261	1.632331944079504
48	270	1.8617721351663432
48	303	2.4543333165632104
48	357	1.2077043665803688
48	421	1.824929247654021
49	109	1.7071380359119743
49	134	2.2534437319004397
49	154	2.224055774837148
49	170	1.7888265638472856
49	199	3.0011731367276075
49	228	1.3118734604056908
49	264	1.8320651924940892
49	405	1.2328375814805679
50	133	1.6343957823022364
50	176	1.327467556529927
50	202	2.2256124740010588
50	231	1.6845444303278294
50	232	1.2233624676226678
50	262	1.2497789595808002
50	263	1.3388495699956167
50	266	2.2788354645133717
50	416	1.9332501679068743
51	84	2.5292897512175303
51	94	2.353969776991537
51	181	2.4061323924167923
51	209	1.1902304879502383
51	242	1.590087204973508
51	302	4.04745069961074
51	309	2.006328081167423
51	440	2.256021097395461
52	72	2.319941218132962
52	111	1.928699074942104
52	198	1.9700200214476942
52	241	1.829664003724557
52	271	2.247405760943151
52	277	1.5710298842871864
52	290	2.416524045283529
52	444	1.474632314591504
53	94	2.479336615004218
53	208	1.42890638962357
53	408	1.7836555718356526
53	440	1.4570950976289465
54	78	1.7090108882708939
54	125	1.250538392639135
54	207	3.37887567998607
54	218	1.9583416118957384
54	226	1.473510143556351
54	346	1.8481258197835284
54	359	2.4348004841768693
54	385	1.5088504476990052
55	105	1.4986546344820106
55	110	1.2335432509530602
55	197	2.394039968071815
55	200	2.2827430357322194
55	204	3.650669058612279
55	231	3.6299446182300596
55	334	1.5511557988539728
55	384	1.8947987361824985
55	439	1.7747761357448435
56	104	0.9682231386157981
56	119	1.231444718684426
56	343	2.4059045193817776
56	380	2.1932077198385436
56	395	1.836228260958666
57	124	2.1531107781090517
57	150	5.632755012266955
57	156	1.3295458935110553
57	162	1.672409362546302
57	245	2.017697819132745
57	251	2.805841658805344
57	289	2.444590487444893
57	291	4.047357369227351
58	72	2.039908274856705
58	83	1.4807251956008018
58	89	1.867415261884711
58	115	2.2486371228508846
58	160	1.9282385997108973
59	73	2.4177962014671652
59	78	1.8179123706890419
59	134	2.1547735009279303
59	193	1.818950115665941
59	214	1.884502398930694
59	310	1.9435485246733113
59	330	2.296054555184937
59	336	1.774931251702212
60	128	3.6751879242752867
60	163	2.041201744388134
60	164	2.014224785611497
60	176	1.4593943889704097
60	211	3.739202876445333
60	242	2.781834698114517
60	288	1.771741078367215
60	295	1.8394492497503259
60	343	2.163266775838962
60	369	2.35847646921541
60	380	1.1484244939763562
60	384	2.339817837756698
61	81	3.5785416117234186
61	129	1.5014573369444715
61	151	2.1503620390042393
61	190	2.429661961524908
61	221	1.9405444035684738
61	226	2.28053454627886
61	283	0.9115960576741573
61	317	1.8947329471250955
61	415	1.8628070008567428
61	446	2.183939887055537
62	86	2.4301305568193836
62	167	2.460872702677856
62	223	1.8514476174592536
62	288	1.386052220841118
63	88	1.806030254973888
63	91	1.2350885949380952
63	143	2.113500340986747
63	151	2.1402346268320223
63	174	1.4643770811542476
63	179	1.5376633764630334
63	191	1.938745438593478
63	195	1.8038918885561261
63	236	1.902703267476586
63	281	1.8422890886614156
63	298	1.8369290018707036
63	300	1.3217177573868195
63	321	2.0683214858089274
63	326	2.414951020216269
63	419	1.4331167618782832
64	110	2.3252005402518066
64	183	0.8124969228040069
64	188	1.2368304115530206
64	305	1.2617830063219362
64	325	1.6430348554263983
64	338	1.5505296056729552
65	75	1.323014593625699
65	98	2.2529956996079545
65	126	1.2272006199179017
65	183	3.793452319062225
65	297	2.2765214273336722
65	307	2.465347449051079
65	309	1.52815263084885
65	315	1.6578533754822233
65	325	1.5463579024453462
65	337	1.540472802361987
65	365	1.74844837167641
65	426	3.72691681299222
66	68	2.8068607984816873
66	90	2.386031651458695
66	137	1.4013875922136887
66	140	1.883417867422525
66	161	1.755758023164486
66	165	4.128902988403129
66	252	1.421628769647978
66	253	1.844310917479509
67	73	2.493058952645878
67	111	1.3063161456898744
67	168	1.7257943244933807
67	187	1.8077216084925656
67	198	1.94001549087469
67	235	1.333853336266038
67	238	1.386846754841065
67	309	1.286746543460567
67	347	1.5245242526306482
67	357	1.2593805782413223
67	359	2.4883831559572007
67	382	1.472179960379062
67	390	1.5216609654279867
68	114	2.2807381673977254
68	250	0.6246781454181037
68	265	2.335692311517138
68	282	0.7394842515421448
68	285	1.4526213903325056
68	311	1.7967097263750242
68	419	1.6307335597752206
68	425	1.2031983741798005
68	431	1.7433719099012026
69	90	3.7920358902818867
69	113	1.4303784692174508
69	156	2.223672880736589
69	180	1.6218031158744026
69	182	2.385361067064034
69	234	1.5813011829745283
69	242	3.086554880731087
69	249	2.495642042231202
69	304	2.076463641041555
69	345	2.103301838173636
69	403	1.374435321072807
69	448	2.042663927623794
70	97	2.2680183487936607
70	113	1.9615567858136393
70	171	0.37526977415675955
70	172	1.7764735770501954
70	262	1.2379850977563698
70	301	1.9846918051627174
70	327	2.2553870119703032
70	395	2.174055247766738
70	398	1.28706395411636
70	429	2.4747415578286374
70	436	1.5028458520371364
70	441	1.954385057818961
71	139	1.5274770809476297
71	213	2.472945530042585
71	228	2.3724770750943622
71	278	1.6472270855448532
71	294	1.9255666523256973
71	370	1.2961929115653386
71	388	4.170861468730569
71	423	1.3585485760091256
72	159	1.8909308147018216
72	201	2.3770835907414187
72	235	2.403070389848252
72	357	1.9791591070305508
72	358	1.933690552220186
72	382	1.35932491904285
72	390	2.285223493135214
72	421	1.5686543196533853
72	435	3.580168603907894
73	92	1.5745429334189494
73	194	1.2395154320728365
73	215	1.86730154474308
73	218	2.460335951356334
73	248	1.5376609577716516
73	266	1.3698646773147956
73	410	1.4798128078500337
73	417	1.400627113631101
74	122	1.6540850810627867
74	154	1.792554485381204
74	180	1.728167466558944
74	228	1.5832872632690718
74	240	2.1087025412238436
74	269	1.3002629612496728
74	303	2.484075392839088
74	331	1.7956731513530328
74	337	1.2055594414343989
74	363	2.209573380856762
74	388	3.9391355191628468
74	389	4.690783909117267
75	190	1.789550544849277
75	248	1.6425251896228452
75	287	1.9127745287756386
75	301	1.5446723216873692
75	305	3.639039578532546
75	362	2.402240749709338
75	368	1.5679120358430902
75	400	2.3902143433958942
75	413	1.4144472716467462
75	414	1.9614548777212262
76	110	1.4363207339795128
76	113	2.273027013806618
76	153	1.986831543039243
76	243	4.751517574882539
76	284	1.8666516395207686
76	309	2.4755938901589083
76	327	1.3580603330397005
76	334	4.3243804388053615
76	384	1.953190549166551
76	429	1.5859283033965013
76	441	1.6921066939740874
76	443	1.3210414548862195
77	87	2.177875967407344
77	120	1.7715583882580197
77	152	2.4960770017531684
77	162	0.3236538025829886
77	166	2.224402511990321
77	208	2.2298205899272516
77	277	1.432096183245438
77	304	2.4661291166879673
77	328	1.7865080824545503
77	368	2.472749006502502
77	376	1.23550586726989
78	189	2.1343396529555934
78	215	2.334139924714527
78	310	4.001381648380977
78	401	1.2894008532820664
78	417	1.5438888678610632
79	85	1.4779955061428676
79	122	1.3880542328794108
79	234	1.4386583109476727
79	264	2.0444155534163375
79	274	2.0493780913665756
79	291	1.9056412443424247
79	296	2.235019908853095
79	297	1.8708178997388525
79	358	1.40877996188246
79	444	1.9719245929100244
80	233	1.4338575343549518
80	245	0.208793306553678
80	251	1.9687957557439235
80	295	0.14085375878368261
80	297	0.7413621441561692
80	323	1.252970995927632
80	401	1.0986351859142416
81	93	2.475579351452323
81	169	1.647260012864301
81	202	1.5697061421626677
81	287	2.076036209297313
81	315	2.090703854810152
81	328	1.7869603554179574
81	373	1.5969467225285372
81	413	5.004723258360926
82	99	2.2124038964499473
82	104	1.9564951894421752
82	123	1.3698284539485914
82	219	2.2988198137591844
82	344	1.2492675367782167
82	394	1.86252262637836
82	407	1.9732427411912452
83	115	1.9836107543607668
83	434	2.4717104825559675
83	444	1.2840703000284373
84	87	1.278316527153579
84	196	1.3874410256998897
84	205	1.9051329181256613
84	272	1.4677643904860367
84	304	1.2562462610699008
84	418	4.761082880877792
84	442	1.7204896129299438
85	121	2.115795413589028
85	158	2.253395681690502
85	177	1.4155967767987796
85	196	1.7316555525227235
85	205	1.3707394859167947
85	217	2.1688332856270343
85	245	1.6982290822652073
85	264	2.2388180561028683
85	268	1.2080342810604343
85	323	1.20765241395711
85	358	1.8878145014917385
85	395	2.2605109948908053
85	424	1.4166543081455676
86	141	1.9323881829241845
86	173	1.9621419157577327
86	176	1.4958589798914999
86	196	2.009199315841374
86	211	1.2891024987340602
86	288	1.6371753302232734
86	420	2.149836289074259
87	157	2.2855476587056947
87	166	2.432415747555692
87	197	1.7837333591500415
87	304	1.3591609937717506
87	353	0.19081625872228888
87	355	2.164341295039666
87	367	1.3716200891763275
87	408	2.113969845325113
87	411	2.0972625805743794
87	440	0.8924693002683941
88	151	2.0324001613017115
88	163	2.1568121397127507
88	298	1.8982645360210628
88	317	2.1584365979482767
88	416	2.252513930181636
88	435	2.279872307551619
89	168	2.3145705770421707
89	261	1.8438193308947826
89	271	1.7617367973901659
89	287	1.7236521201159745
90	165	1.3522331033819903
90	234	2.1684623253996373
90	260	2.149884512169407
90	265	1.3864718354494479
90	269	1.5878362512020048
90	272	1.4110005573540392
90	293	3.558183057069862
90	333	1.3136837348316666
91	132	1.9194196256089753
91	154	2.0967053488308443
91	163	1.8229846223607116
91	191	1.3464828898271115
91	221	2.1674001775183944
91	317	1.2906676318715307
91	414	1.742139770486659
91	419	1.4805126776833606
91	445	2.1672850449836982
92	144	1.3093671583148836
92	167	2.4047267669626406
92	194	3.839915083374717
92	248	1.4208511409555775
92	336	1.4338109429405448
92	417	1.4684924271621516
93	188	2.3697541387852166
93	189	4.407379478341806
93	195	1.9051767995347624
93	217	1.3766266611757796
93	305	2.2767282641793916
93	307	4.119735050167004
93	315	2.048706436267831
93	333	1.6438721172360302
93	365	3.6969295577764285
93	383	1.758409123903096
93	426	1.9916233774626961
94	166	2.4085532103074945
94	181	2.364716434378175
94	212	1.2831440973992716
94	275	2.315541515330688
94	279	1.9195439559855076
94	304	3.3413689172816188
94	352	1.9946970771884953
94	395	1.71359533478768
95	209	3.0077046467002964
95	318	2.2691167883576977
95	361	1.5176281309172113
95	404	1.404791878716801
95	440	1.6000822871324063
96	175	1.3903886278462458
96	254	1.6461527328853716
96	295	1.7738496530662247
96	314	1.3904991122633494
97	101	1.976878793730484
97	139	1.9244315979533537
97	172	2.096108492403677
97	200	1.9189986405404245
97	259	2.2524261107700356
97	294	1.5899077848824206
97	443	1.2810940079991957
98	135	1.2150833432530117
98	179	3.434291102821471
98	236	2.2552543059456873
98	274	1.9225271995556614
98	276	2.1554353035107625
98	325	1.8566277542277128
98	365	1.8293259808800126
98	373	2.2536679630963645
98	400	3.322665005123646
98	414	2.3314455774463294
99	128	0.43281152407231716
99	233	1.2056721799521115
99	320	2.0059004419584467
99	326	2.1791838582426277
99	343	3.200788590024124
99	375	2.2992574083295407
99	392	1.7152453768564058
99	445	2.3266327525203394
100	192	1.6373954800256603
100	276	1.5150361731965682
100	374	2.055205132554757
100	439	1.967933413539095
101	216	2.399947676509578
101	271	1.2364209314925965
101	382	3.1156521292902806
101	421	3.9651953682982373
101	434	2.1525467871454755
102	130	1.6634634657541219
102	235	2.412211991914
102	238	2.05523334264565
102	247	1.75985283963632
102	390	2.142750550426703
102	444	2.3579917054068105
103	154	1.7381768147293046
103	214	1.6050769671806355
103	308	3.3454493299690085
103	324	2.1634736168213147
103	396	3.4598128796678145
104	147	2.178381271526273
104	173	1.74780050683991
104	202	1.3585815691118595
104	233	2.10764925835581
104	239	2.3374779596096884
104	356	2.471506445389143
105	189	3.6764206479152017
105	294	2.4894915560821373
105	306	3.5594000767817287
105	329	4.3313023668063275
105	346	1.8665405111766846
105	359	2.2847789351966226
105	412	2.1693420341680447
106	112	1.8207302932060474
106	277	1.5329477049056037
106	304	2.068549355044949
106	363	2.4324156892487387
106	379	3.9750773605479637
106	412	1.8801252318585182
107	116	2.2766024936538742
107	148	2.253017081825672
107	250	1.8499755416390644
107	253	1.4955911095683656
107	260	1.4507322978366253
107	293	1.7537255611652158
107	333	1.625071068553872
107	378	2.478139815255263
107	396	1.9722003848531833
107	408	2.3622799644029677
107	425	3.078928408010624
108	127	1.934254873862347
108	155	1.5815127552445558
108	225	1.7452830279237825
108	317	4.406735965104908
108	396	2.8933901495787113
108	406	1.4751489801431381
108	445	3.8630737460159903
108	447	1.699571212480072
108	449	2.2399135873272353
109	178	1.3362267347057863
109	267	1.966488671289215
109	338	2.4604598667276902
109	371	1.904306123538885
109	389	1.24042198530172
110	192	2.071196611574397
110	231	2.368289519381941
110	246	2.9678171437128436
110	422	1.3124905844086083
110	434	2.4810009871489775
111	115	3.401399562104385
111	121	1.3355713193441545
111	160	1.4767032257901263
111	247	4.105538858029424
111	288	1.2824879151510846
111	434	3.6629471667150773
112	120	2.0010886890401047
112	127	2.4024782907226716
112	135	1.34292397026129
112	163	2.1494633505742193
112	281	2.0235604439858332
112	326	2.3512970280834464
113	204	2.250166616079763
113	327	1.6326135634290182
113	351	2.0001253984864897
113	354	3.070179341071327
113	409	1.814897699426249
113	422	1.4575186079560467
113	441	2.102899718098641
114	182	4.294204410826165
114	220	1.5396928383944635
114	234	2.3615967323248683
114	431	1.3003125268613638
115	155	2.415811816449411
115	182	1.7782061694769777
115	201	1.4466496795969441
115	216	1.510391125342845
115	261	2.3870798787148684
115	329	2.45440426540671
115	408	1.4664927281608522
116	138	1.8671171913406348
116	140	1.6930806367185625
116	176	1.403408203528595
116	253	1.9841271555484257
116	260	1.5085431237147835
116	311	1.232985057785232
116	374	1.8347960731430395
116	396	1.6012181400563978
116	419	1.2481796591477563
117	123	1.9467549615002329
117	133	1.2999816715328878
117	347	1.286528711886234
118	123	1.4873955371353222
118	125	1.7084206819826715
118	128	1.9183436327798353
118	141	1.4012538572686846
118	157	1.8048678753908323
118	184	1.9588043588177457
118	258	3.9462588272520973
118	319	2.1304344940285875
118	368	1.3029816055637191
118	369	1.5838587418100942
118	380	2.444623638744594
118	426	2.405605168817817
119	128	2.0111120806120173
119	173	1.8863904996642584
119	184	4.121964813327193
119	387	2.396338376486334
119	395	1.5844639313537323
120	152	1.3153804162221971
120	162	1.68120697813276
120	181	2.39859692828652
120	209	2.2495411933730507
120	232	2.4438170636569136
120	272	2.303453339300906
120	291	2.167437228529013
120	292	1.5618948927204346
120	333	1.7546706023676304
120	361	3.609337341964041
120	376	2.0879062372354724
120	408	1.6598531577759714
120	442	2.1745155044962576
121	181	1.9508123404056747
121	208	2.4024303335798427
121	277	1.9581045665158254
121	352	1.7837588764759262
121	408	1.4319509292769697
122	131	1.9077628899297592
122	170	1.4335177486329995
122	210	2.3499106290136638
122	216	1.32452688406299
122	255	1.7680473139828776
122	269	2.393409455422577
122	332	1.555405416588182
122	438	1.4632527803324953
123	128	1.652851343826597
123	137	2.317845345245402
123	219	4.745273853192561
123	263	2.13364384022693
123	323	1.7339493499903138
123	369	1.3726639732520225
123	394	4.377651658905232
123	395	1.2225540273080708
123	397	1.3035410921498616
124	135	2.45770349111206
124	136	2.0732292356887054
124	175	1.7171891733059015
124	259	2.334597501922901
124	297	1.5565290994234262
124	317	1.3218628722094365
124	424	2.1619871213433246
125	205	2.2928800876867546
125	209	1.6510416453951184
125	272	1.7682484035518058
125	284	1.9178093868190467
125	361	1.8619683943736742
125	442	1.393754842951752
126	276	4.154763427872826
126	328	1.8011349714341405
126	335	2.44449368228364
126	362	1.5959495602883191
126	388	1.8450444917830162
127	143	2.320358093554554
127	146	2.092396642697605
127	151	1.3060296325493734
127	221	1.7475205489492072
127	236	1.790622110427353
127	299	1.8811896791169844
127	446	2.3792492427126604
128	137	1.2829555398258952
128	184	2.2420804849975813
128	228	2.465293832059843
128	249	1.7983799814942172
128	392	2.3947984515815346
129	174	2.048020378841638
129	207	2.0289688435311675
129	346	1.244535925532272
129	359	0.6848852639230757
129	385	1.855207521015678
129	387	3.8389524445014036
129	420	1.9890050615171746
130	132	2.0041649214568835
130	149	2.124195352166762
130	151	1.2133043700786423
130	191	1.6971302587405432
130	236	1.6165350622165542
130	237	1.8885171275338024
130	257	1.6732200778399005
130	317	1.222323360545452
130	402	2.4206657632412014
131	145	2.498087141280969
131	255	1.7594015900218514
131	324	1.8804831081747864
131	338	1.7660451435679088
131	438	1.5807696716857271
132	151	2.424849849457976
132	236	1.4896646262241253
132	237	3.2277418975598486
132	264	1.2607186034975255
132	286	4.08879329894453
132	359	1.338618074644536
132	377	4.1222318389991965
132	382	1.8957973896728366
132	449	2.2468590209898673
133	161	1.8936779810322362
133	233	2.2639316459957453
133	356	2.168764109650581
133	394	2.3622387268065346
133	407	1.4220075291891368
134	193	1.9888977843981692
134	228	1.422430459659038
134	255	1.0063179478322828
134	269	2.0715862010753434
134	308	1.3506072781596052
134	324	1.6824626171948096
134	361	1.3024005899894615
134	391	2.3660086131343903
135	195	2.191918868653386
135	305	1.3008070821134021
135	315	1.3133906543287595
135	342	1.2250785307625525
135	449	3.826139545330954
136	138	3.8169869780543246
136	140	2.3278111773810544
136	167	2.345207452302846
136	186	1.4710343413761056
136	253	1.4722970254508985
136	265	1.471184267495042
136	349	2.478368154327282
136	378	2.332413434104039
136	431	1.9884712552610055
137	202	1.9687310352268454
137	233	2.7203995480467293
137	343	1.729708744146977
137	381	2.191669575093493
137	392	1.6964675577948878
137	394	4.020688621275269
137	397	2.412245919851064
137	401	1.9756228851891686
137	407	2.0561340325610113
137	422	1.4591139897925864
138	175	1.6004808528185688
138	244	1.2034731206414075
138	272	1.5103400382010796
138	282	2.3852475219214027
138	286	2.245449615139848
138	311	5.374201748039347
138	448	1.4114614445065508
139	154	1.5367110714931396
139	240	1.8665069206960023
139	294	3.911981710106982
139	312	1.1053620820402958
139	313	2.448344837118522
139	399	2.3237978439712235
139	423	1.9039954255027836
140	161	1.6295767112632227
140	180	2.4465079211124396
140	250	2.04057568510158
140	349	1.2540672425007942
140	378	3.7900094355544445
141	167	2.6978316416863963
141	223	2.454555700680963
141	262	2.430108432837809
141	369	2.0640608839222434
141	387	1.5122305439783932
141	395	1.8122229122790952
141	444	1.7295752580573693
142	224	2.3596130885034414
142	279	1.430481737346489
142	291	1.5587428589641963
142	424	1.9394080781797078
143	144	2.407951383252943
143	146	2.205004134291352
143	149	1.8953826299716114
143	270	1.831672402841693
143	283	1.7216384620831553
143	317	2.3432398659783087
143	378	2.3619961941524017
143	419	1.6039311752757217
143	449	1.543460116655596
144	310	3.044345667450307
144	347	1.23787972365866
144	385	1.3131081826665143
144	387	1.4423902560466106
144	407	1.247662184433402
144	417	2.4492297955455262
145	205	2.460195572713949
145	213	1.4661966064287526
145	228	4.095056304564275
145	308	1.609990307011615
145	313	2.060597478808676
145	370	1.7808520378479096
145	389	2.1643204530329543
146	149	2.3581834751845916
146	168	2.308515197612248
146	174	1.5719504187036677
146	179	1.8491519565627512
146	236	2.329841703673444
146	257	1.9487909977574396
146	329	3.5233836253536994
146	402	2.1235464780069657
146	417	1.204328172665604
146	435	2.193589434778243
147	381	2.230890868911657
147	431	3.947953056226707
148	161	2.160244743124827
148	180	2.0453353229078552
148	250	2.280545032088649
148	251	2.4317881337496585
148	265	4.039103499041656
148	283	2.4539245433301415
148	312	1.4404386270482452
148	345	2.0101113529063577
148	428	1.6525129113648358
149	174	2.137051339166146
149	190	2.221940429421115
149	221	1.4205571403277908
149	293	2.3582173494920715
149	321	1.2397771756353255
149	449	4.927076753771621
150	200	1.638695011818041
150	251	3.0762959151730773
150	289	1.6872637472382586
150	297	1.3993575179975448
150	393	1.4561406435021436
151	237	2.4287306865901654
151	251	1.7342990274389023
151	263	2.099047608006129
151	299	2.4143623921242634
151	326	1.2285988372134085
151	340	1.865546411894262
151	419	1.4455547024870805
152	208	0.16394593780533545
152	209	2.1149946107797897
152	352	1.9508257858155629
152	367	2.372710394803544
152	440	1.3933050715885131
153	230	3.1330432849627075
153	280	1.698545293191671
153	354	1.8194708789928131
153	372	1.781887045855099
153	384	1.7312332916267714
154	240	1.4238518756186505
154	255	1.5015755178794643
154	269	2.0647444471722265
154	321	2.2059821830261703
154	324	1.4961443034875446
154	325	1.9505179126114776
154	331	2.437826104962368
154	338	1.5919200914678842
154	391	3.1962771727528967
155	227	1.374992208423802
155	296	2.256283922435974
155	335	1.9045497659280661
155	357	1.426581380138434
155	390	1.949253887712778
156	165	2.363369899603592
156	246	3.7179716602339408
156	265	1.4706224052305341
156	271	1.8939497816756883
156	282	2.169718837997651
156	431	2.223580900445403
157	237	1.7462916590850028
157	300	1.926166746499577
157	302	1.9680719748701763
157	355	2.436677587608078
158	185	1.2558759013843774
158	251	1.3718824511691654
158	254	1.5210063621735819
158	323	2.1068175458032616
158	358	1.4487811958238324
158	393	1.3879922885446734
159	202	0.28286103351461683
159	223	1.4884853202473138
159	320	1.6174005467643646
159	378	2.4029823377176553
159	394	0.9250911047288833
160	168	1.4462513825630774
160	184	1.4256959464945747
160	187	2.109722218507512
160	241	3.0132300216417045
160	290	1.7924182598506075
161	220	1.5854026276088582
161	252	2.252144975646101
161	260	1.5494136516326824
161	312	1.3617785276340082
161	313	1.3035283492406438
161	398	1.6841605956377714
162	232	1.54719620260207
162	300	1.548431306580238
162	361	1.2875153515325108
162	406	2.4057106343745907
162	412	1.8005866571955955
163	221	1.624957312467386
163	257	2.1867055671801285
163	316	1.4046662906454084
163	340	1.323320821116247
163	377	2.2447931202212272
163	419	1.466455059702565
164	173	2.0703756422377064
164	211	2.150693733442711
164	231	1.669986761273055
164	263	1.8780238660961637
164	320	2.412811499040415
164	356	3.0071569949685726
164	392	4.63616391540832
165	180	2.075988862035182
165	252	1.7114795104825393
165	285	1.977426438758649
165	295	2.0385135414767
166	174	1.9582670162296736
166	175	1.412607548441366
166	208	2.3924439869129186
166	209	3.433215643467461
166	292	2.0200454095871714
166	367	1.2258609120618513
166	376	2.2211004523912443
166	408	1.3284634817889072
167	184	2.2461085724364063
167	314	1.3511226194897465
168	213	1.6350560248070183
168	241	2.2355179040711843
168	290	1.5515497532009392
168	382	1.2446166211569116
168	424	1.246141493571385
168	434	0.6555857624920627
168	437	1.3388231425052437
168	444	2.185749324171904
169	174	2.4429240784032973
169	305	5.22674422011365
169	341	1.2416992109893328
169	362	1.7615306700024225
170	181	1.7477147670387183
170	213	2.199854352412527
170	228	2.2988087090846214
170	240	1.2180687493536617
170	268	1.2334570382767356
170	338	1.3073409783198053
170	370	1.8768885177685628
170	389	1.9525801157766063
171	185	1.2548979960401845
171	219	2.2205578494601954
171	224	2.020238964733583
171	264	1.5731474168610526
171	274	1.2622139049019032
171	339	3.5459948463269066
172	200	1.0400709277838982
172	243	2.2358586935070823
172	280	2.367058353559817
172	351	1.4733653777932263
172	436	1.6933070425483228
172	439	2.220871913911961
172	441	1.7951183758634608
173	176	1.5568314962891807
173	262	1.2014274133532932
173	344	2.1911362348083907
173	397	1.6584913105759074
174	193	0.44210990259340355
174	221	1.7828629222225758
174	344	1.8289811615134495
174	445	2.079141308687806
174	447	1.530763857115994
175	222	1.5486573549732592
175	224	1.697876307662599
175	274	1.7107344473859487
175	295	2.347112289004593
175	393	1.9774395746790443
175	401	1.7998788148987077
175	424	1.566513639794805
175	437	1.2445475835435043
176	229	2.414868666736453
176	231	1.995991198898307
176	258	1.514083276075644
176	263	1.1532922112185429
176	288	2.301335485903505
176	343	2.116962568429117
176	385	1.4614559166146135
176	397	2.176606224598923
177	292	2.444978896541653
177	360	1.8944084110816721
177	386	2.450857819495356
177	424	0.291957496236379
177	432	3.625889764133059
178	189	2.0814498227808267
178	210	2.3284184203172487
178	228	2.0048108304618197
178	267	1.5693280887528163
178	371	1.4004817108624004
178	415	1.2367879844547491
179	426	1.6436852616517885
180	312	2.494384092500046
180	349	0.7930019836581498
180	398	3.5683733352235376
180	431	1.4340834441633135
181	208	2.0345714403453483
181	275	1.5009428619114757
181	302	2.2077008820777273
181	305	4.048064817371311
181	363	2.2250060334898976
181	367	1.2142080245349582
181	376	1.8282303063506655
181	412	2.041400955137791
181	415	2.473078924429603
182	311	2.2385399198098845
182	345	1.6747740418080583
182	403	3.2845062023789877
182	408	1.6482205670241767
183	316	2.9281410722744003
184	254	2.2817930440771192
184	320	1.8086109175464096
184	344	1.466824754146833
184	368	2.3456109739600253
184	380	1.8748759366196057
184	416	1.29702254871775
185	224	2.359099469235887
185	245	2.4981267524862005
185	323	2.097975466359191
186	234	1.9033998283408478
186	345	2.4903717484122283
186	367	1.7829208186963892
186	428	2.7240064516521185
186	431	1.7306921179901016
186	448	0.6176576821700602
187	299	1.8533176042413073
187	364	2.1305309397406593
188	189	1.4490396027543406
188	287	4.011474390925625
188	309	1.3815239468762388
188	311	1.599220565390037
188	342	1.6248254247372822
188	350	2.0727032948177273
188	392	2.051260874318117
189	322	1.417003878608435
189	359	1.2512448429038328
190	402	1.6825450759513623
190	419	1.5495237377493385
191	221	2.45182654119406
191	225	2.4476071884577038
191	281	1.3267475509999438
191	435	2.0102360703695026
191	438	2.156248098622796
191	449	1.4207039031438817
192	301	1.8958036934651283
192	351	1.6905867703480184
192	384	1.8932538698845687
192	429	1.2500930313642997
192	436	3.6955066261657974
193	207	4.377481101904223
193	215	2.126219946849695
193	256	1.9590208366590103
193	306	1.3795980345916994
193	307	1.8292073268400881
193	393	1.305611034273189
193	410	1.5805142302120152
193	412	1.341146592489849
194	214	1.3066273201113372
194	218	1.4923339676557348
194	266	1.7542213561255846
194	310	2.4884517024159614
194	322	1.5215704802765373
194	336	3.0519347675594877
194	420	1.7106796046610984
195	235	1.262546952179684
195	276	2.4236944677369716
195	325	2.0068767615465033
195	350	4.002887953040329
195	373	3.434942463721103
195	413	1.777853036494208
195	420	1.822441683400375
196	224	1.4389066359877827
196	251	2.2832431744793076
196	254	2.1685315000124827
196	279	2.790123170880168
196	291	4.380330866350861
196	309	2.065657643407923
196	360	1.7993942367252576
196	432	2.0259196836678925
196	446	1.330340318224908
197	209	1.827661531459288
197	300	5.594983878377384
197	348	3.30682979132577
197	440	1.2297182954169534
198	239	1.4983834945671823
198	261	2.4857436709316465
198	270	1.7161385793817066
198	444	1.5758933204962948
199	210	2.2964485553803557
199	212	1.772785487772167
199	213	1.2452121318138198
199	228	4.1753200270799296
199	240	2.492310235766028
199	370	3.4300829700961577
199	399	2.1793985518040953
200	371	2.2575880019717705
200	409	1.715721477162494
200	436	1.3857700906452788
201	235	1.5737593501983602
201	270	2.0247365382650147
201	271	2.0624782975382825
201	421	1.394466508622317
202	211	2.0583896306820906
202	395	1.806198619666806
202	408	1.9445812392977884
203	212	1.414095159320339
203	223	1.3634227961305132
203	288	2.4847822838990243
203	336	1.4739448840258464
203	344	1.5572591360611627
203	359	3.353564404356134
203	369	2.4261195525081876
203	375	2.4869314068430146
203	392	1.9054356047102472
203	397	2.394443181141014
203	447	1.4883941411910524
204	231	1.6299132569248806
204	273	1.3192925240094533
204	351	1.7108356220953125
204	354	1.7666386656016702
204	434	2.1425166155813877
204	436	2.1303942623599434
204	441	3.5947131897791644
205	318	1.5106662283906027
205	347	3.1705377907000742
205	355	2.2280670066579242
205	412	1.9267124801127227
205	442	1.3495637975105266
206	231	2.639461253944803
206	280	2.334671879671681
206	351	1.5194191174231588
206	354	2.3524190825750892
206	374	2.148678018285443
206	384	1.8524765440147783
206	429	2.184590053277343
206	439	2.1252138832800154
206	441	2.2679655927675535
207	215	0.9620975027586535
207	226	1.7442196942800194
207	306	2.34064044848006
207	336	2.4245538700337255
207	347	1.595669077875824
207	389	0.3670117498788591
207	404	2.419528768368724
207	410	2.2703287006392063
207	420	2.2564997669817886
208	292	1.7955106961092078
209	244	2.24811386132629
209	292	1.3903341018929567
209	352	1.2207542535179827
209	412	2.200974119167827
210	240	1.613240554555742
210	278	2.3180466208575923
210	289	2.378033847666645
210	313	1.6263498816774513
210	332	2.2337470945348157
210	339	2.4447532124783216
210	349	1.7867574073414314
210	385	1.8317483674671513
211	223	1.4373987142740683
211	229	1.4357183666058597
211	250	2.0511224977014257
211	291	2.4832600926652386
211	338	1.575722008713455
211	430	2.4376094619458764
212	382	1.557315549001062
212	411	0.9865250833205604
212	442	3.009140715541503
213	313	1.5938616067833293
213	332	1.9530474379306215
213	388	2.26081431748314
213	389	1.2220563468921801
213	405	1.401272735265973
213	413	1.3049824240145826
213	422	2.0446117458138575
213	423	1.6366812094283905
214	218	1.2882146204706093
214	308	1.9680335745227253
214	381	3.6452361554906134
214	414	2.490704260616133
214	426	2.153634382023699
215	218	1.3270025193803847
215	226	1.9890364906718716
215	248	2.47714159502242
215	304	1.2368178335984592
215	310	1.5246600611492886
215	347	1.8179855582567872
215	359	2.4871367848826136
215	387	2.1547922612635886
215	410	1.2788423879596245
215	417	2.179314057423252
216	241	2.320707184601115
216	382	0.29124363568000244
216	391	2.2513907122555805
216	419	2.1421630358357278
217	307	1.4227549356166986
217	341	2.0091104757801594
217	358	4.705248276306534
217	362	1.3347353052193207
217	373	1.9964915160004484
218	346	1.8615809164211128
218	387	3.165625398548645
218	410	2.38833942964924
218	417	2.0594988959385505
219	236	2.1142955312527314
219	262	1.48256434983791
219	356	2.221028250756515
220	265	1.4166754007837834
220	288	2.427813754198069
220	345	2.484728012829066
220	387	1.5598903867231777
221	261	2.489287402745382
221	268	2.148115782816822
221	321	3.153004656728653
221	446	1.8103142661283178
222	298	2.2241973776295683
222	402	1.5487355671125558
222	419	1.6564670041042593
222	435	4.087447983592655
222	447	2.2729981696078436
222	449	2.9890075877957907
223	229	1.5662217558810605
223	233	4.547571203943237
223	258	2.484914080286707
223	320	1.948750803295931
223	343	2.0596495164662714
223	353	1.4515130187618863
223	369	2.4135278939718185
223	375	1.294958601701761
224	245	1.894297957643425
224	274	2.1388012688780105
224	291	1.9010546333678175
224	339	4.2129421473774915
224	360	4.154280370365848
224	386	1.6077908850355815
224	393	1.351725038533403
224	432	1.5142741678901872
224	437	1.3864442132268862
225	237	2.239001800283839
225	257	1.800896122465605
225	283	1.470025555851628
225	445	2.1347981117797854
226	238	1.3404006836563773
226	266	1.6354949377783554
226	322	1.3362190174812532
226	336	4.169866572851135
226	420	1.5859489251786236
227	238	2.2321512590565025
227	357	1.502467492713044
227	382	1.471231134896744
227	401	2.0224376749848885
228	294	1.4324975450562374
228	337	2.0439025579226846
228	345	2.1835060759324945
228	359	2.26637866823215
228	423	1.203980835600518
229	369	1.8415421271953498
230	301	2.353073366115521
230	316	1.8601728124710624
230	334	2.0529844804051702
230	427	1.4949522469791057
230	439	1.6017711951105946
231	280	2.3997797542562544
231	327	2.0781134208163516
231	334	2.275102220561828
231	354	1.5956257841813457
231	372	2.0686336034462864
231	422	2.0020415340304147
232	275	1.2080592150090552
232	379	1.959542400788978
232	442	1.2294229420456855
233	241	1.8795162610660814
233	258	2.4565141072854657
233	346	2.13180535656198
233	352	2.7612533347331074
233	392	1.4429765014664913
234	246	1.5078993852805889
234	249	2.3673853923881967
234	260	3.3941870526097353
234	311	2.1128355702769817
234	378	2.102206340614325
234	398	1.2397561910767385
235	247	2.1959786341312473
235	421	2.0846829893659438
235	444	1.9528347098610068
236	237	2.3771314583282783
236	287	2.0938888452639564
236	344	1.1112324226383963
236	387	2.433242954522146
236	447	2.148430959337898
237	257	1.3338971609659818
237	264	1.4960715619243914
237	283	2.0114822971179684
237	317	3.163764318893648
237	337	2.2831521133713455
237	398	2.1386537262526826
237	402	2.2964784399386806
238	241	3.5854786237733114
238	271	2.363676097592485
238	390	2.2543416884218055
238	421	1.5177535167071665
238	434	1.2115887941670966
239	357	2.4674274977915767
239	406	1.9473788310212967
240	267	1.8150227106817476
240	331	1.5589104579466335
240	370	4.534121260186864
240	371	2.022429174262016
240	438	2.3757821059807416
241	261	1.6823549191157252
241	290	1.2858050063215756
241	294	0.6118866998606068
241	359	1.2938820946209846
241	390	2.1556188538263754
242	273	2.492561881489661
242	297	3.2266681218781894
242	403	1.8523250939463314
242	448	2.305937749725104
243	280	2.091260675647108
243	334	1.9897293384245964
243	354	1.2455593211453901
243	372	1.6252318398835544
243	409	1.8898975294798306
243	422	2.9722748424105845
243	424	2.2601736471315137
243	441	2.0829958332252048
244	277	2.7393953523662917
244	302	1.6091239250382066
244	348	1.6515777179097486
244	355	1.247187500954896
244	361	1.9439539116219868
244	418	4.112234594234905
245	254	2.2225077764664665
245	274	1.9174895228918492
245	279	2.0816822620797626
245	401	1.5367503169976582
246	249	1.2014338763233836
246	311	2.1484365350840617
246	371	1.3083689322725505
246	448	4.077107352779544
247	305	2.1255637308107747
247	387	2.3470830590409344
247	444	3.457472209328109
248	256	3.8752914534532596
248	346	1.671729784038753
248	410	2.2396839345532653
249	253	2.023830606749526
249	260	1.6422330832932546
249	373	1.6004611755509361
249	425	1.4276820591320518
249	447	1.9611771322875569
250	252	2.2042182444079463
250	263	1.4379461135898348
250	282	1.493837089541441
250	285	1.5267428865021075
250	378	1.5440260902234293
251	254	3.8554846322369407
251	264	1.816469719377153
251	295	2.179112793729995
251	323	1.5841385243289066
251	386	2.336330004648773
252	403	1.650917981029514
253	293	3.226045447785264
253	400	1.6339386174421215
253	425	1.863904563168062
254	274	1.5727837613198927
254	289	1.856974355549704
254	339	1.2532319164707275
254	358	1.8752038891699354
254	401	2.236726616949995
255	267	1.3649723658523785
255	268	1.8264229406585675
255	371	2.485702115506937
256	322	2.1380718170011845
256	329	1.8954666969503977
256	397	1.5675107772201742
257	264	1.7809616124365713
257	265	1.8533557128378655
257	281	1.8441395743491555
257	331	2.2956442521862934
257	377	2.2080413758411828
257	445	1.9433374855691135
257	446	2.393487170102552
257	449	2.0127194861554463
259	305	1.7564858114862836
259	307	3.10811991785237
259	309	2.0066368400203514
259	329	0.7461943991902585
259	335	2.8239230771653703
259	360	1.4018677331012075
259	362	2.341296486763782
259	370	2.2696914086464144
259	400	1.5341834743244562
260	265	2.1639427894879963
260	289	2.0758300406617303
260	349	1.801755433256258
260	378	1.8287737067474015
260	428	2.0555583573769702
261	270	2.1560581854653833
261	303	4.61651799780359
262	263	1.567621746695195
262	320	1.4530983236569546
262	369	2.3335779032858905
262	380	2.3728621768089564
262	386	1.4780885559566324
262	394	2.0281592307094027
262	407	2.35083909171026
263	278	1.8027061417885424
263	288	4.5037654508946865
263	362	1.364756481789814
263	367	1.933653394179791
263	369	2.0565904972806077
263	375	1.2736484939161288
263	394	2.089371204097793
263	395	1.5029139047205655
263	397	1.8130716578395585
264	295	1.771596472012011
264	336	1.9186318122839237
264	393	1.9943178986543546
265	349	2.2230639078725316
265	355	2.4075998127008296
266	330	2.222829631356422
266	353	2.332620919923875
266	359	2.4086493123597705
266	404	3.3081693943343016
266	410	1.6129028660083986
267	268	1.325757211832855
267	337	1.4145605940903745
267	341	2.1532485618286774
267	391	1.519911855409993
268	283	1.9490024702044768
268	390	1.9304630654926056
268	405	1.374870336173427
269	271	2.201273722772242
269	324	2.39324804784121
269	337	3.147463607314207
269	366	4.865692534273297
269	388	1.9718386361001996
270	379	3.91905043015636
271	280	1.2198216711174008
271	295	1.5584713551364109
271	357	4.344309484774051
271	421	2.9020124109884042
271	434	1.6908988198441415
272	300	2.452572245093102
272	379	1.8688274448039683
272	434	4.097148112360755
273	327	3.313823182873723
273	409	2.2415917019750853
273	439	1.7198068776701896
274	314	1.693259777023949
274	323	2.3362944262166168
275	302	1.7064240850078631
275	304	1.7699581447391748
275	352	2.4926931543518323
275	355	2.382916359512353
275	361	2.4728958457387593
275	418	2.2471905499405134
275	442	2.1600040726296714
276	284	2.047191493749391
276	305	1.2948864056338774
276	328	2.4937584994201663
276	341	2.3259264233170835
276	383	1.2695082290540611
276	438	1.4726046404722435
277	318	1.5608452057814466
277	352	1.9981863116598582
277	355	1.8369918643592158
277	367	3.276657698389023
278	284	1.4737622092296707
278	294	4.275564441166414
278	331	2.415878392045209
278	337	1.4829944423159975
278	370	3.7429375550911352
278	391	2.455438396007259
279	331	1.3311066698304366
279	339	1.5246100303787642
279	358	1.8306324448927715
279	386	1.7453198049425063
279	432	2.4028074905637995
280	301	1.9389675713383774
280	351	2.3810852320824694
280	353	1.868342597255838
280	372	3.6308410673491336
280	374	1.9885448277803115
280	433	2.1721910444381405
280	439	1.9794818678097723
280	443	2.2128948962197494
281	298	1.6114825458702398
281	299	2.281449938520354
281	431	1.919818083503386
282	412	2.2571522491277953
283	289	2.0234847441052772
283	293	3.9561764801470227
283	297	1.4118081715944695
283	307	1.3843220015017856
283	317	2.0210056861360473
283	372	2.0451187743871833
283	448	2.4910024410583063
284	288	1.37576818569058
284	310	1.615363883536232
284	363	1.3863491575576596
285	312	2.2106969745427323
285	345	3.92228021886155
285	398	1.3778384375326607
285	428	0.9359846421537817
286	299	1.9493658104592602
286	377	1.9585160093975795
286	419	1.2180560352265137
287	339	1.9820240019452307
287	373	2.182588642048786
288	311	1.2601602745011868
288	380	3.3431848425510555
289	295	1.3382706185443671
289	358	1.2541515194579844
289	394	1.9023022898836044
289	401	1.585019760442593
289	424	3.143241621422541
289	436	1.5788530674662655
290	355	1.229540290263348
290	415	1.9751918898584306
290	443	1.5703355141049897
291	295	3.093517106662568
291	358	2.0026233882791726
291	360	1.3664691209093938
292	294	2.281274252907099
292	408	1.8142978137055654
292	411	1.5579552077274257
292	418	2.208468713531886
293	335	1.641882058619123
293	396	3.890107770757553
294	338	4.568924286874813
294	405	3.6195804493764165
295	297	2.035051084838539
295	358	5.406193558352369
295	397	1.316023064727766
295	432	2.186494014299317
295	449	1.9981398800621535
296	325	2.329828790852942
296	346	2.3715506864189257
296	358	1.5145979503875062
297	300	1.5838566587810412
297	339	2.217269142194696
297	437	2.406516499807031
298	299	2.4782218802568527
298	317	1.3630184658916003
298	435	1.7077191257294482
298	445	1.6668281681914694
298	446	2.1214994688209807
298	447	2.1383351808313282
299	316	2.4129328757042448
299	406	2.315739850584038
299	447	1.4238956920985073
300	333	1.3759540922959879
300	442	1.2119180740424593
301	334	2.026833824294999
301	354	1.6237012655572183
301	372	3.8583664201917403
301	415	1.5030761299540285
301	429	0.6676137251004526
301	433	1.3401373592031778
301	436	2.128074090730096
302	334	2.4146271291185117
302	352	1.7717312747326956
302	355	2.1466736732749765
302	361	2.03920028580793
302	410	1.9800976640100103
302	440	2.0351335597203057
303	402	1.6056091339225396
303	434	2.2250029403874976
303	444	1.7842232233906898
304	348	1.2398683282604046
304	355	1.9074872587699137
304	361	1.273723467193271
304	411	2.1856014555998518
305	307	1.7083471634198997
305	309	3.402824700343663
305	325	2.424497687131055
305	350	1.975527733464407
305	413	4.614766932867701
306	341	2.367285497532277
306	353	2.4841251038717918
306	371	0.8814613237015163
306	420	2.25775200656315
307	315	1.2142485162094812
307	341	2.2898936182988083
307	350	0.41736576635104483
308	366	1.5757012880317127
308	370	2.075671624046366
308	391	1.8240441447854705
308	419	1.5825521554528144
309	328	1.4373922497970804
309	335	4.026772964790911
309	350	1.3579171370007401
310	329	1.6054729582582052
310	359	1.6532596340823202
310	387	1.2921205911089955
311	333	2.1934508960279673
311	396	1.9394554344078743
312	345	1.2592303612058173
312	361	3.8627879789349073
312	378	1.3210271126410675
312	398	1.7679063340344627
313	389	2.469994558612351
313	423	1.7105344267579041
314	360	4.256048427905673
314	362	2.2624419466547447
314	419	1.4380428361317632
315	341	1.4278525808099627
315	342	1.6043215015839793
315	353	3.864083025915563
315	362	1.9315776581363053
315	426	1.8276898548197784
316	419	4.211583128236019
316	429	1.7437268997296167
316	447	2.4120402877194946
316	449	2.401369644014304
317	365	2.2567665244142234
317	406	1.5881950036358983
317	426	0.9810378960414881
317	441	1.9354884920741133
317	446	1.402644824192804
318	348	1.5094628266477563
318	360	2.333965603435346
318	361	1.9188114220856507
318	442	1.5391028482784377
319	368	1.5277697935426375
320	344	1.7265988399397827
320	368	1.2855829114688948
320	394	2.4537009599713873
321	340	1.9497919202619924
322	325	1.5956716202505472
322	359	1.3424604395693462
322	387	1.7569835813389223
322	410	2.3173671038182935
323	325	1.9417790554516756
324	371	1.2237069473062767
324	423	2.283512376137778
324	438	3.3751757376120417
325	341	1.2993009686264234
325	383	1.5831226922607382
325	416	1.548192027943454
326	334	2.4290734470796007
326	449	1.2119794110443
327	334	1.2875435660816779
327	443	1.8358316086925495
328	414	2.061518496286889
328	426	1.4691495756363202
329	410	0.990091517980193
330	346	1.650905514185906
330	387	1.4052655428363434
330	420	2.4727241410412963
330	426	4.130860628747036
331	370	2.2083819908697597
331	391	1.8345407498435526
332	370	2.342376770219163
332	388	0.5728498609106488
332	406	1.7413525767931426
333	410	2.3617256393642774
334	427	1.3569920920317835
334	441	2.192810492304091
335	414	1.9798323929221149
336	359	1.993510486827864
337	391	2.228348887493503
337	415	1.8033481513049
337	418	1.9284635680423838
338	405	1.8084587348272498
338	447	1.6369902262872364
339	433	3.2794810579134666
340	377	1.487111048508801
340	406	2.3651289007745326
340	445	2.032582941481522
341	368	1.3676002531980949
341	383	0.41925591804108187
341	413	1.5867491468313435
341	426	2.1636860300888294
342	353	1.9502964594437862
342	383	1.2284546544407922
343	353	1.479409084633256
343	392	1.7556301688568485
343	430	2.1988224741635545
345	352	1.7902998383171504
345	418	1.3991002924333122
345	448	3.6224909047937834
346	381	3.9149060380826612
346	386	2.256582528202088
347	381	2.087051309329063
347	404	1.730618945770317
348	367	1.3578187542069895
348	408	2.004748660323349
348	440	1.602172938161672
349	434	1.8364372567734994
350	365	3.6718030355588622
350	413	1.8466498021351316
351	372	2.0956331676484377
351	427	1.7494979888988453
353	362	2.22453388514896
353	383	2.4323636356780036
354	436	2.348814315932789
354	439	2.309156378286003
355	403	1.8235837140554123
356	417	2.2246151837509203
357	363	2.0878976555440807
357	434	3.0202637090966675
357	444	1.8581942844422636
358	437	1.2074578296951934
359	404	1.9886310469497133
359	420	2.3943245402043116
360	393	2.0866864379624155
362	365	2.2244293526624848
362	373	2.386502910997509
362	413	1.4575454373919867
362	426	2.049347763388051
364	390	2.2512574753785906
365	400	1.245848553423325
365	405	1.5390492686365815
365	414	2.8080889580920863
365	445	2.26171923574325
367	411	1.3565137287474662
369	375	2.772221284083498
370	389	1.7426957159960592
371	437	1.7140757731793872
373	383	1.5296637258258956
373	411	2.171692703179929
374	409	2.1752098990374824
375	392	2.265684542898498
375	397	1.2579953511313158
375	416	1.7916378299527786
376	440	1.3082276597840254
378	398	2.495360294267153
380	430	3.669854353256534
382	420	1.3800926450197113
382	422	0.5808554366353318
382	444	1.3078363481329474
383	400	1.5350685195380676
385	404	1.2468086922287671
385	408	2.4949624245083166
385	410	2.277727702871835
385	417	3.5547888455007235
385	420	2.1557872322983247
386	429	2.318364870689795
387	410	1.9077578705226583
388	389	1.469301368111574
388	399	1.9238089424660227
388	405	1.6000764140563
388	424	1.3992485293701926
390	434	2.0723432349543005
390	444	0.8543337227469132
391	405	1.6553160076948807
394	397	2.4562197994091477
397	416	1.5011974322367823
398	403	2.1358817578095404
398	431	2.362180004052119
400	413	1.7813805423639177
402	406	2.4545552256588685
403	448	0.8813472825881642
405	415	2.4037651238351687
406	446	1.6431429068165622
407	416	2.0440940942440524
408	417	2.454919982731072
409	422	1.3906765194287696
409	427	1.738820691847672
409	443	3.4707511348336775
410	420	2.2563676395574275
412	428	2.3205232487581315
413	426	0.9719557235896992
420	428	1.6178530915234066
420	440	2.0643631461752174
421	444	2.396405429446798
422	427	2.490532003590169
423	427	1.3343247556098048
425	448	1.2130968901149226
427	443	2.0330450060718244
428	439	2.1239170290313263
429	436	1.8809350250269594
433	436	2.189325991787384
435	445	2.277608842555183
435	446	1.9008088529930927
435	449	2.210049188866848
436	443	4.075749356034349
439	449	1.9393304833994671
440	442	1.3912392297033462
445	447	1.2700181337069454
445	449	1.9561746065202716
