0	4	1.9384639913182542
0	21	2.402025301388351
0	34	1.8468842408242465
0	124	2.3291069183867608
0	134	1.7221314750222172
0	271	2.2428772277530253
0	328	1.8196079720586664
0	344	2.250313173926713
0	367	3.247127880537633
0	395	1.8020762209408139
0	410	1.710397696004561
0	433	3.4871065141231616
0	436	2.067466121291049
1	26	3.187808859396064
1	43	1.8493392231660222
1	59	1.421693943561808
1	74	1.903209245828009
1	101	3.089888476189353
1	104	1.2735285872889925
1	206	2.034893030718596
1	353	4.142944059346748
1	392	1.5631350008673663
1	437	1.9814341194162373
2	84	1.3818773696617423
2	132	1.6657678146179469
2	157	2.3430812195653736
2	176	1.5895360550709232
2	227	3.6157512899351234
2	245	1.7203234303358692
2	251	2.221059272908442
2	285	1.3453738212328727
2	319	1.9568947845500868
2	351	2.465525146762979
2	354	1.9530020604161074
2	424	1.2756822410203057
2	426	2.150334563375376
2	432	2.456106066830694
3	7	1.5694285101562488
3	36	3.879747263431101
3	70	2.3018814045013984
3	123	1.4832244939202055
3	132	1.7979369605918702
3	157	2.1834583213278944
3	164	2.458196514738454
3	204	1.3921701336663324
3	296	2.066171800865205
3	309	2.110314667985704
3	316	2.699114145942793
3	362	1.2003941693349496
3	423	2.4769349588516065
3	448	2.460930851163517
4	123	1.3178105586600881
4	124	1.4878523210153318
4	201	1.534519457637253
4	213	2.3897560326527647
4	329	1.6186051995222202
4	395	3.2489176948201965
4	433	1.93381388237882
5	52	3.564141376483529
5	78	2.1265501488378558
5	103	1.7836770281547834
5	167	4.853509853823869
5	201	1.4347125033817816
5	227	1.4193778398957346
5	258	2.222355876145154
5	276	2.7594005269629998
5	292	2.4112649862088436
5	346	1.2781652547338016
5	349	2.399282830840035
6	28	1.6150608236045576
6	55	1.9747966761481985
6	208	4.136844017568567
7	47	1.4919353546872103
7	108	1.4976701638129994
7	158	2.030514190594184
7	162	1.9704240903390624
7	165	0.8382891326356791
7	176	3.312721609749693
7	178	2.1867648158434885
7	207	2.413281148531998
7	249	1.6087793330342561
7	266	2.2161048843963167
7	268	1.2854994719351216
7	280	2.2324876213140525
7	281	2.281539646865776
7	284	1.8838238039325508
7	288	1.885679346354773
7	300	1.5997775983337164
7	334	2.304099010425422
7	411	1.7192811487135948
8	98	2.4806759954421684
8	153	2.3986493550971066
8	174	1.4736254200189025
8	271	2.004615465493863
8	295	1.2514042990833323
8	307	1.5693006255379491
8	314	1.792206940322953
8	423	2.2729913098458594
9	81	1.4876598989915548
9	216	1.6289630570066114
9	265	2.363063778633012
9	368	2.3005354734838237
9	374	2.0315711805157743
9	383	1.6619643567148885
9	415	1.8591427196098471
10	21	1.8035287061038234
10	51	2.199977796346735
10	108	1.8790228557698727
10	115	1.2662174095172816
10	146	1.5908481697015755
10	184	1.8935147693583014
10	187	1.5623238245837248
10	198	1.7427916871094742
10	244	2.1102664831611198
10	254	2.4800932116300842
10	275	2.024497672874781
10	288	1.3149673882972734
10	291	1.7080871906063453
10	300	2.046345564815611
10	303	2.349901517771313
10	320	1.9244630647327128
10	377	2.4033862033046596
10	411	2.1834069046365574
11	22	1.6428859903338755
11	111	2.1253932348182145
11	123	1.251595242291805
11	201	1.3666211171182074
11	255	4.418498750620142
11	263	1.383104555109706
11	338	1.6461153548914227
11	351	1.4167198322108274
11	425	1.3304694685172063
12	67	2.1517742699914946
12	116	1.5583315759201934
12	202	1.8494023022152142
12	220	0.15325642073449075
12	239	0.2869955361241973
12	259	5.869494075854874
12	331	2.0171042421021608
12	354	4.092537234753152
12	387	1.597721393416921
12	399	1.7876315249838832
12	436	3.2227120689232382
13	91	1.9988593231252487
13	155	1.8667066033590787
13	183	2.049661582911279
13	231	1.7710756485304695
13	274	4.030553150027471
13	312	2.4601930152695854
13	326	2.5378549716350083
13	342	3.456612804933428
13	363	1.4190057891152066
13	403	1.7018945593538637
13	417	2.4975883701516906
13	438	3.3612810669662903
14	18	1.6627775263568774
14	42	1.7905616847341848
14	94	1.2397822782873522
14	117	1.5430471297627344
14	118	3.3620652270950218
14	297	1.7437047039423335
14	352	1.4849853645953077
14	441	1.9605422649016597
14	446	2.0873220197761606
15	66	2.2597805953188477
15	95	1.2558202649100019
15	137	2.191236249623028
15	385	2.428826933805775
16	50	1.3533355057919125
16	218	3.272824903803121
16	235	2.146971939023541
16	262	1.8045862078849764
16	272	1.722139819353493
16	367	2.19050859168264
16	384	2.2050082574767584
16	398	2.1493588990755934
16	417	2.173415370398743
16	423	2.459433664479196
17	139	2.044666998508137
17	217	1.4262532161511745
17	253	1.6228386981483613
17	309	1.8593438828065434
17	316	1.5873109612120793
17	319	1.443756111737152
17	325	2.1768527577733203
17	370	1.6360996823956822
17	393	2.2159294395756857
17	426	1.6832974192285648
18	35	2.2078712726474876
18	42	2.382235200127443
18	219	1.897377898418293
18	239	1.5418394243348152
18	413	2.1667483838328216
18	436	2.1999233008644614
19	40	2.3356134472181207
19	121	1.4266771582022106
19	270	1.9353306410303717
19	389	1.535800350496642
20	27	0.6541946721574452
20	64	2.047659578063939
20	100	1.942866524542771
20	147	2.1661164632152707
20	193	1.4025361791479505
20	200	1.5913346913702702
20	246	3.769871273228028
20	410	2.2228963110579483
20	412	1.4001605715761811
20	442	2.4846414681923754
21	108	1.7666867277363512
21	133	2.3798927266227663
21	146	1.46377714031419
21	165	1.5729094972449138
21	198	4.496457641727487
21	260	1.876648930592311
21	334	1.4210890241256215
21	373	1.2185703355079476
22	179	1.8223973795839337
22	201	1.3747476311244973
22	276	1.4101847773792406
22	323	1.8508344308127578
22	367	1.9766006143115862
22	373	1.2403052268433081
22	423	1.5922172882375705
23	24	3.7406863571892064
23	41	1.8755849614709765
23	69	1.4616133274095513
23	73	1.9864506613460962
23	81	1.615430241859655
23	97	1.977165493799744
23	138	1.9720758259187292
23	176	1.3564516924465697
23	228	4.100592640931435
23	236	1.7765618975721276
23	285	1.9817325433079687
23	334	2.4324144302129636
23	391	1.9755923975237408
23	397	2.492502868119195
23	427	1.2230037348958052
24	25	2.440610364122601
24	68	1.9317280070247564
24	103	3.4610395697065774
24	125	1.6548750276917352
24	136	1.3888343952128155
24	148	3.908054990266289
24	247	1.6734240134003746
24	268	2.4585758655743213
24	335	4.372305979868584
24	397	2.3858666968414823
24	414	2.391486477563029
25	119	1.8450534433308727
25	216	4.250262550990994
25	228	2.331586547888008
25	230	1.508104331192948
25	251	1.6438552599053906
25	268	1.6715019070445076
25	317	4.743926027483139
25	368	2.1784065850197614
25	383	1.3289573342954661
25	384	2.4394051357660533
25	397	5.614909775502998
25	399	1.6787992640167169
26	31	3.6176165929811166
26	43	1.974191271904839
26	98	1.2434562887822345
26	101	1.4618931541335247
26	116	2.4867276892014147
26	131	1.2283829083916404
26	133	1.6877387250844467
26	166	2.486010441353436
26	277	1.407840255264501
26	290	1.4842300591572846
26	327	1.7276126000148557
26	359	1.5963458500928203
26	382	1.5430319429798631
26	416	2.122334545574693
26	443	1.9634983905268923
27	110	2.599986378054449
27	111	1.5095744877279298
27	114	1.397424424225766
27	122	2.4424240103419708
27	130	1.40255288979991
27	177	2.409388971527652
27	226	2.3444624999269807
27	298	1.5910299728794841
27	330	4.69783437291969
27	400	4.056621429521468
27	410	1.6351502547436456
27	432	1.4298043929076334
28	52	1.2232473783828004
28	77	3.2531734453381347
28	142	1.8727900656700285
28	175	2.111932863834177
28	185	1.4417505204035874
28	195	1.5163447465619027
28	273	2.19025071864646
28	295	4.487690805971443
28	343	1.3041610361538807
28	347	2.188958395504019
28	361	1.5861418101430413
28	389	1.6166785937408454
28	406	1.5204389831278797
28	430	2.1112958663222483
28	431	2.070425122102905
29	57	2.4605865723583955
29	59	1.9119688084342181
29	101	1.852775212527865
29	103	1.7109617317351953
29	204	3.4049630613639543
29	317	1.5417394422888357
29	397	5.635900322267455
29	414	1.9248631717830338
30	68	2.2415408515236663
30	89	2.290949735804815
30	150	1.9641464539453724
30	166	1.6714076055737743
30	221	1.8682145744746719
30	224	2.3951394874430942
30	374	2.12123824638147
30	376	1.5646416669022476
31	104	2.477356024862126
31	147	1.9910700922005051
31	206	2.470706276756056
31	327	2.123568750723145
31	435	1.4493640153159602
32	49	1.5948207920631576
32	51	1.7405761997278546
32	63	2.3545586248624844
32	89	2.011045328333415
32	106	4.508764214242991
32	156	2.2890533714202723
32	170	1.3881646783743593
32	199	1.8373289732337494
32	287	3.2745642181182415
32	357	1.3052024768423935
32	384	1.9908034721690204
33	52	1.644488908343446
33	86	1.833207317141813
33	154	1.7565772048378865
33	201	3.4553197359741095
33	328	1.4060278085477949
33	331	1.8501727194097959
34	39	1.9882483029736528
34	100	1.9610075839442447
34	116	2.390841417303511
34	168	2.4151697690553195
34	171	1.2052869230696932
34	259	1.5537595242847304
34	278	2.1368661825937263
34	312	2.4342416628500887
34	336	2.4191611387412113
34	354	1.0532142338959465
34	378	1.899206919711102
34	403	1.6067670721006302
34	408	2.102196450699075
34	428	1.2424240194374478
35	65	0.831845799840319
35	196	2.110742408902074
35	295	2.265399217503676
35	370	1.3189031637882265
35	390	1.4462111231923902
35	401	1.9114383101150367
35	413	1.336407352874795
36	38	1.293056847690986
36	174	1.9519250555073624
36	195	2.0715845803850073
36	204	1.5089371680561054
36	242	4.532177859570353
36	253	1.3151166309567648
36	296	1.4077880051863887
36	316	2.3598620015159772
37	66	2.3162415497888924
37	110	1.3281324394946177
37	117	1.8025172876377455
37	170	1.9600552668377347
37	188	1.662943481116128
37	224	1.7247415386186344
37	252	1.3768649906904167
38	84	1.741661982187114
38	88	1.3460137427960066
38	99	1.2642059635011573
38	126	2.0923952066974283
38	168	1.7395225435338209
38	217	2.3335856301146145
38	233	2.265507501643417
38	234	1.565325480862915
38	279	1.7989219169954418
38	282	2.1575474661326126
38	294	1.4473497166097604
39	84	1.422298884412207
39	222	1.8023966825298123
39	248	1.5277207882991448
39	262	2.434301045897712
39	345	2.1065620120445723
39	352	1.869490408481842
39	378	1.8805005861583468
40	41	3.7533452133776377
40	55	1.7446403315143977
40	74	2.1746573201503168
40	195	2.3752900264538153
40	237	4.620814892226923
40	273	1.9863125447493266
40	306	2.324647019208851
40	307	2.0605377434843133
40	379	1.89609168619595
40	445	3.1302037748812905
41	105	1.6589100751804151
41	109	2.098006246284206
41	174	2.2176959120897335
41	185	2.4015244009267382
41	224	2.1611338248259937
41	240	1.2535883228860587
42	94	1.3933922577950222
42	102	2.2237121158113213
42	142	1.58318227004518
42	170	2.3996929319782705
42	209	1.8371894720465698
42	238	1.5457927334908188
42	310	1.392483545127556
42	355	2.358462206658228
42	387	1.8317820040538493
43	95	1.500547631757295
43	101	1.208618655402336
43	215	1.9600803426360462
43	272	2.282341994746396
43	303	1.9382881645712422
43	339	2.1739543916762107
43	435	2.373095604130051
43	443	2.343155920191099
44	130	2.42852891252191
44	154	2.269573416213867
44	172	1.6942246019097729
44	292	3.7806207719424485
44	379	1.7385018349504944
45	97	1.5759894575490239
45	147	1.4803377702749585
45	245	1.7233331977463826
45	254	2.091461156848313
45	360	1.6889155563637752
45	366	1.9784556463312009
45	400	1.9990055443433896
46	80	2.0584604255522283
46	82	1.8905298420359924
46	111	2.4066289270211714
46	294	2.4248867720321847
46	304	2.296819988352418
46	404	2.184449230816318
46	419	2.228195311119353
46	423	3.563998158009278
46	430	2.033532841627577
46	439	2.3899253600246686
47	70	2.42653561127361
47	78	1.3842975098168837
47	143	1.8504045776198543
47	184	1.610167423088973
47	207	2.105137378203641
47	275	2.4551850037291816
47	300	1.4681524852939383
47	328	2.331143331322699
47	402	1.558223434457157
47	419	1.703525363120471
47	441	1.6825615628053219
48	59	1.436156527134732
48	100	3.8846132696886633
48	110	2.000665445835805
48	147	1.8159235956273512
48	186	1.9851940616070791
48	290	1.368827186493716
48	330	2.31213421927605
48	333	1.9996571264527745
48	339	1.5298795624857457
48	432	4.288517075813496
49	56	0.9573425547365998
49	83	1.7972937629136372
49	117	2.0290618304452837
49	129	2.4386015415158075
49	143	1.4137088020408453
49	152	1.9194469766541156
49	156	2.43099529358207
49	170	2.494479408337016
49	199	2.8827888697070314
49	224	2.959255256306575
49	349	2.390163866901256
49	371	1.574557539953171
49	374	2.2132108073284624
50	78	2.413005473530448
50	126	0.1588280787633053
50	182	2.163812865123554
50	263	2.0853528759899587
50	329	2.363205415597678
50	331	1.5213788346518524
50	344	1.240214252888085
50	349	2.082374961011033
50	449	1.6606960455019233
51	56	1.324880780276806
51	165	2.326728687692713
51	218	2.076053941616111
51	264	1.6910456313164568
51	275	1.2015968544896705
51	308	2.0087445887624757
51	377	2.379776741285972
52	78	2.286150803925672
52	123	2.203686443979846
52	240	1.5679405061892997
52	395	2.4440074416044535
53	90	1.5907936462980177
53	127	2.2836435416523413
53	162	1.7285832761243851
53	379	1.3468456016362707
53	389	1.5291761668891162
53	406	1.8544953805202269
53	430	1.8051180649716625
54	84	2.3013741537246863
54	135	1.764878375935258
54	157	2.102221010003917
54	234	1.5799131966370277
54	253	1.5974077640095161
54	279	3.6594047539337593
54	304	1.9193864164897354
54	316	2.1864789147313846
54	424	1.650969500409563
54	440	5.075343288109987
55	89	1.2997901853076521
55	127	2.4562091528835435
55	162	2.1040196993702023
55	203	1.5356731434673534
55	337	1.4818295939883315
55	439	2.228024282148239
55	445	1.351580316978404
56	83	2.2469435227004153
56	160	2.285135153643888
56	170	1.2463226503136073
56	221	2.1577359565236476
56	229	1.8468072911768327
56	259	1.999696108267661
56	287	2.0263025221389728
56	374	2.134246777903965
56	384	1.5257815463911124
56	447	1.6624974244984907
57	179	2.4058641680475326
57	210	1.6737955459758314
57	238	3.51435279505845
57	302	2.118091317979553
57	317	1.5669733948588844
57	356	1.644604748867203
57	368	1.537641541716492
57	397	1.8355063656649468
57	400	3.2931078577773456
57	446	1.569521689895124
58	94	2.414149106210715
58	159	2.9829270208853105
58	219	1.45422740112258
58	305	1.9490660263644033
58	350	1.6762127351676237
58	362	1.502269928531065
58	401	2.226886176544036
58	413	2.380529074916052
58	426	1.5131472157906827
58	436	2.012034701269363
59	124	1.3855679296493892
59	148	1.756415987494849
59	216	1.753717048239274
59	225	2.189285739704136
59	228	1.7532136304992803
59	230	1.999920127353644
59	271	2.308909482784998
59	302	1.6106671566169835
59	356	2.4432077528515803
59	368	1.6460065867030242
59	414	1.7433869026713742
60	97	2.1596334196261204
60	100	2.1435109622736657
60	122	3.607811481403444
60	147	1.3109351409674919
60	356	1.3596300900954987
60	442	2.332814876480811
61	70	2.329929387330729
61	138	4.751374046164882
61	278	1.9910512662246718
61	296	1.9098681007684006
61	338	1.2385968392664686
61	362	1.3185440575692289
61	440	1.998652310339625
62	66	2.1692869061086153
62	68	1.2424305138743277
62	194	2.241398652551436
62	345	2.2674882659820046
62	375	1.2821654369072608
63	117	2.4765464171785325
63	150	1.4529346911246663
63	151	1.9156069268906237
63	152	2.0324779433665054
63	160	1.412080079118252
63	174	1.289111313734927
63	372	1.5100784754993533
63	376	2.4869553413801864
63	384	1.7845563813905803
63	415	1.9281323454678243
63	422	6.159629720827841
64	98	1.4195042118293588
64	130	2.465846352722317
64	178	1.8877424814291983
64	341	2.043091786991234
64	366	3.7462214588608362
64	369	1.8287975856661935
64	387	2.013301331836055
64	400	1.2234672268016447
64	432	2.4613702202568835
65	93	3.674530098257628
65	94	2.497992779451153
65	101	1.2299786527917576
65	102	3.412325625445251
65	105	1.6737212298083393
65	220	1.5334690521511756
65	322	1.4731966183428107
65	355	1.4596908472672476
65	356	1.3319151349146163
65	399	3.440377588925446
65	436	2.0282127659669005
65	446	1.823610012650449
66	183	2.0510449821488415
66	237	1.7739174158958377
66	248	2.090763839261125
66	283	1.6303029774456121
66	333	4.686206769645082
66	336	1.7799703244237801
67	93	1.2698727851265466
67	190	2.4694103526549354
67	202	2.158780705178259
67	209	1.652467387711491
67	220	2.3529590250143544
67	239	1.8063438220480896
67	264	1.4626282275936633
67	380	1.2203994873012098
67	413	2.234620279050281
68	125	1.4641245340765923
68	144	1.8325342020615307
68	211	1.47740221984039
68	225	1.354139725639731
68	247	1.255907058067176
68	268	1.2939689268929455
68	303	1.607616345798964
68	362	2.1607341189508635
68	371	2.0619801325911378
68	391	2.4911151504223494
68	397	1.3875259350231608
68	414	1.3102292106952067
69	79	3.480688405209442
69	120	2.266463667529769
69	183	1.9216814170580645
69	243	1.853310919145192
69	278	0.46834044242006256
69	371	1.713618357147641
69	417	1.4582885914698576
70	99	2.2990567525136525
70	161	1.2555187833184918
70	217	1.2372317965575146
70	242	1.7689260458570861
70	263	1.3381144728294974
70	294	2.4122215356206067
70	319	1.5190016677832223
70	338	1.5035355997308963
70	387	2.1862492512371796
70	409	1.8264581523562136
71	77	1.5249173548421262
71	82	2.1582874217195926
71	226	4.39748636951856
71	307	1.5506699674156603
71	337	1.592761489549885
71	388	2.280093903546488
71	445	1.4873850039465442
72	89	1.9219230160474745
72	120	2.1347314917968196
72	160	4.553278069477962
72	170	1.9539677155317028
72	211	1.987974594448732
72	223	1.764162812807166
72	229	2.401040177211707
72	252	2.0599619136397926
72	376	2.3203464943612238
72	441	2.0096339848034614
73	103	1.753544532379514
73	125	1.6108507134551684
73	148	1.6269406199913772
73	175	1.377755700776321
73	222	2.21822615984241
73	317	2.308208730832228
73	391	2.285601543687544
74	95	1.3448443088356692
74	127	4.3321801036958
74	166	3.6842832487820227
74	169	1.4657149161953993
74	205	1.64765095214069
74	215	2.3786848878930003
74	222	1.3884532819269217
74	231	1.2365504719309455
74	277	4.506687216908498
74	309	2.1766585151410043
74	313	2.174028954454102
74	350	2.421260774128709
74	359	1.7615445892879613
74	360	1.9882706818217484
74	392	1.826337843161869
75	115	1.8284257200821208
75	173	1.6031418383647753
75	225	1.2949261149131381
75	356	2.4311866941639204
75	357	2.0171909306307167
76	136	1.8889107937570526
76	151	1.3153392949435854
76	192	2.39845956771354
76	269	1.8849375252758356
76	298	2.3557967193530014
76	429	4.050919044531876
77	108	2.2687494411082807
77	127	3.8025779552884433
77	142	2.1997051811570714
77	153	1.5787267395863276
77	221	2.297445211210906
77	314	2.226002432178064
77	337	1.6809441528000058
77	393	1.9034508976576021
77	423	2.459363457434855
78	276	2.2097346842463974
78	292	1.7282689193639764
78	293	1.3975084111152485
78	392	1.8674786253926012
78	395	1.3474480676905765
78	425	1.6247773532386502
78	449	1.2995837358092415
79	183	5.7500950338450965
79	248	1.7999053382436876
79	282	1.242236502140389
79	312	1.8915640022265388
79	345	1.4080009885721512
79	389	1.7021528250789317
79	417	0.6172449555061784
79	428	1.3149429143714995
79	438	1.7822603638146097
80	121	1.7459638158059538
80	127	1.7385570463251758
80	153	1.5065121896915379
80	230	1.7296416297175354
80	237	1.5597571764762483
80	273	1.9970936392716627
80	306	2.4543125621144686
81	125	3.748270932930579
81	247	2.061661389610367
81	268	2.3333124713936533
81	383	1.8320641691283477
81	435	1.9125974057225554
82	162	1.4956815772464749
82	195	1.990981420096218
82	226	2.285008711403149
82	270	2.489836582701928
82	299	0.40231223262426097
82	339	1.3599983621488978
82	373	1.6603798123561797
82	412	1.4480491816397205
82	431	0.21347909300357512
82	448	1.5762884368537666
83	117	1.9705704927211887
83	150	1.3871873920785551
83	152	2.3963498660990807
83	200	4.3866220928348705
83	287	1.6122774483744187
83	384	2.2768551131301664
84	88	2.382601720308082
84	164	1.672734544663178
84	274	2.3759172738037435
84	282	1.4426610760420857
84	316	1.6958055607286546
84	359	2.323525160716298
84	361	2.371180668367523
84	362	1.0839033623547523
84	424	1.7231641158792703
84	426	1.7767007608828242
84	440	1.7887273899970921
85	95	1.9105432220094212
85	101	1.6525031428382881
85	205	3.6990019841129382
85	206	2.0993060251915185
85	211	2.3535424310248416
85	240	1.2773399460862513
85	277	2.522841174677114
85	282	1.5443679866621163
85	303	1.5545864537488883
85	327	1.661228249043988
85	353	1.6171890633393784
85	359	4.329221940973247
86	123	2.292142444178829
86	124	2.1236392897768552
86	167	1.6730483787157846
86	179	4.670920316973659
86	230	1.2701142372209357
86	263	2.0615511857359663
86	266	4.751901052175259
86	267	1.5337135922464404
86	346	1.2327830512459865
86	425	2.0257656834168745
87	145	1.6378205682939975
87	165	2.4009726110770027
87	176	1.812073558776241
87	198	2.345097060378925
87	214	2.206713620534012
87	227	2.1307578189356353
87	260	1.998307803492828
87	264	1.7891208635660323
87	284	1.5616048459910943
87	286	1.856645245570667
87	300	2.1687460959567066
87	411	4.283333394249232
88	135	1.7752052052916505
88	138	1.5581056049927429
88	206	2.015939059131421
88	217	1.6697165839426455
88	282	2.39534229667928
88	316	1.9479158488093762
88	325	1.2640134665705736
88	448	2.3389575967194967
89	117	4.261411003489744
89	150	3.1846958083453174
89	170	2.330971626706865
89	200	2.2723139176155467
89	221	1.212357066981647
89	256	1.594239897111998
89	357	1.3921411115373417
89	419	1.6391805192239621
90	149	1.9247344641394108
90	162	1.3679645562971692
90	195	1.6489961987958652
90	226	2.2183687898848223
90	304	1.3830004359658516
91	116	6.305289408006267
91	141	1.5852154231501032
91	163	3.479398097061297
91	164	2.1331591450489307
91	269	1.427561940498977
91	272	2.0773833640298447
91	278	1.5403999605376748
91	381	1.2139211967047043
91	417	2.366549132299431
91	434	3.805276595223164
92	132	1.6617990589471352
92	169	2.2796698146142105
92	177	1.458977472824814
92	279	2.6881222733062082
92	292	1.2017115096360906
92	316	1.8488722279472372
92	338	1.4038181865431325
92	360	1.7906413089839104
92	401	1.9203470954493618
93	159	2.0641897568781875
93	220	1.2061509700635271
93	241	1.8603448845125403
93	305	1.6926821070434788
93	357	1.6016639852399197
93	390	1.507705201418558
93	427	1.4151969051921136
94	102	2.2911366738592056
94	105	3.2309008695008137
94	241	1.4268526746300734
94	244	1.540382010609925
94	297	2.0787379007037874
94	380	2.1364773769867584
94	387	2.168521782900609
94	399	1.366779872884473
95	290	1.2085445646639215
95	313	1.9293051891198791
95	431	2.018246453542396
96	172	1.2885961518839177
96	187	3.3598559199513103
96	231	3.689408437420167
96	264	1.3403615585384019
96	286	1.6348283486150414
96	407	2.156196944164057
96	419	1.2270204208326452
97	114	2.098561632986236
97	177	2.1948561882400113
97	212	2.277250709089807
97	245	2.2075555920132954
97	330	1.529233019458542
97	339	1.2863479750462923
97	341	1.2606119083693303
97	343	1.816992811734118
97	366	2.4587964133441877
97	385	2.5976378458329163
97	410	1.829061105528445
97	432	1.6208795076332891
98	104	2.3348609915563863
98	131	1.7714131840167213
98	166	2.1534920818466112
98	396	2.1840567875253085
98	424	1.6996259949870034
99	141	1.201876439825785
99	319	4.049406772990236
99	377	1.5110944994815654
99	426	2.4914030861378316
100	122	1.280582407090976
100	178	1.3301149299826918
100	217	2.3753568146634425
100	339	1.4925925265546547
100	369	1.5851738970880844
101	359	2.4189829596693855
101	382	1.9513065688574676
101	392	2.4789475027751076
101	396	2.485888707578703
101	435	1.3272583633389377
102	183	1.5522466900280427
102	196	2.446745675333335
102	241	1.791980796896038
102	256	1.7225587530501916
102	259	4.233641126025951
102	261	1.2123126512173958
102	305	0.9706928929869233
102	353	2.460702885373747
102	390	1.6794849417674889
102	401	0.4579422066427662
102	446	1.8713309717262667
103	125	1.7501606900103979
103	173	1.6375952107210583
103	225	2.0894646622290614
103	238	1.553224891928053
103	247	1.7858562661837039
103	265	2.3537991355734533
103	295	1.2949464295778048
103	335	1.8644386013227017
103	356	1.9134992064226524
103	387	3.7760313225505007
103	397	1.2679296553693076
104	166	2.4365033066252457
104	359	2.077100118209376
104	382	4.280457313195282
105	143	2.1196964018535533
105	247	1.4043777278615162
105	350	1.9505477779669231
105	387	2.431646761100275
105	399	1.4033649604759288
105	422	1.7215751661748793
105	427	1.3205716452899088
106	196	1.9745751068247102
106	224	2.328525211975046
106	229	1.4878104989283185
106	256	1.7712614711863721
106	315	1.591743744337106
106	374	1.7919048774802422
106	405	1.5080822184668459
106	422	2.4720155900997343
107	133	1.7274940855707919
107	203	1.6252906185199292
107	290	1.5473807001075528
107	327	2.2117582109105047
107	359	1.6242665246494372
107	372	2.367832305539978
107	427	1.2776282437359625
107	435	2.025912049387437
108	115	1.5389880406940972
108	141	1.6996976392931442
108	184	1.7069907698066522
108	192	2.020451823193079
108	214	1.6054116621941241
108	264	1.346241063857203
108	320	2.043771295078341
108	333	1.842779943235481
108	334	0.1802927005168126
108	377	1.864251538145835
109	127	1.8331077203402735
109	203	1.271012307046181
109	321	1.9638190650001657
109	337	1.718363000132276
109	393	2.3880682715738977
110	113	2.4239082363171085
110	114	2.3620246354579852
110	130	1.776766868798623
110	199	2.1504938560158426
110	228	2.426360044615235
110	242	2.3041557048907744
110	246	2.199315605306404
110	276	1.6815587877266622
110	341	1.8916208815534374
110	348	1.2757678216933093
110	360	2.418896116750604
110	432	3.4725832841675537
111	136	2.086049984743225
111	229	1.654916051469787
111	348	1.9981383826780155
111	429	1.2020287744638167
112	123	0.741809863801335
112	182	1.4434339822123958
112	201	1.494338132177324
112	266	1.5126393775150662
112	285	3.8151084112339855
112	344	2.1584327226399997
112	351	1.771631238724007
112	364	1.3722266383461676
113	147	1.8797636727319407
113	151	1.662953035538694
113	360	2.4476077536307077
113	369	1.4753308695175025
113	410	2.2768415106323303
114	151	1.385245610434635
114	180	2.1303013114264773
114	199	1.571965292218116
114	330	1.6894095804889147
114	339	3.3472037541352777
114	348	2.4080903498164217
114	366	1.531882260295799
114	410	1.3957324336898391
115	144	1.3571661282689025
115	176	1.7695558344150308
115	214	1.9415181443876115
115	222	1.5943401562537578
115	232	1.6519030523409812
115	261	2.140254982605975
115	265	1.73347705060733
115	320	2.4958653606081063
115	445	1.5411343923288126
116	171	1.6482893716242863
116	328	2.421258877481714
116	331	1.3566063893222324
116	378	1.6826266667893854
116	398	1.7862723257444586
117	120	2.1709495607469673
117	223	2.9304356171925083
117	415	1.4488646602105304
118	252	1.8258739621700228
118	399	1.844599563788072
118	413	2.2107484207308907
118	446	1.992003489695992
119	149	2.455630978613616
119	190	1.8385732028492945
119	295	1.2683949400422394
119	321	1.4050305876822298
119	379	1.5582275662492486
119	389	1.8321174620701481
120	152	1.3732716185924476
120	256	1.5042468328893492
120	257	2.1941699774752914
120	388	2.250362185204748
120	422	1.7799593649843892
121	149	2.4392364515797316
121	173	1.7067749524452007
121	175	1.5827687600036107
121	185	2.1458874678841533
121	304	2.035986283257581
121	306	1.3536378567968774
121	347	1.7948191716065045
121	386	4.480265783101139
121	389	2.1113245297835466
121	397	1.70718372413786
121	430	1.893119324800579
121	438	1.4846502774117096
122	136	2.3736971301278444
122	140	0.6738572920872405
122	147	2.1598681719261217
122	151	1.6073854559376373
122	265	1.5345752198286828
122	329	1.6931405451623651
122	348	1.4553309133529697
122	369	1.7731590635661754
122	410	1.9350747708032339
122	432	1.462677946855573
123	133	2.0702418232052056
123	134	2.795376247251477
123	258	2.0547659877951956
123	276	3.4821546259493976
123	315	1.7452373131199619
123	344	2.2286448427103758
123	353	1.8729195776169738
123	394	1.9278579899671775
124	142	1.3150056793422469
124	181	1.754285169855716
124	240	2.362690390129686
124	267	1.3122351524784965
124	323	1.7206631619290045
124	349	1.31069807396377
124	364	3.5901511549543237
124	439	1.8247989637561712
125	306	2.4355227039389042
125	335	1.5442490137098335
126	128	1.6599492605605475
126	179	1.6293107570963188
126	181	3.4932487249916746
126	188	1.7365872148109054
126	197	1.7641705200610907
126	229	1.510265891608806
126	255	2.320402749354065
126	258	1.9480451231654294
127	142	3.9349113464326866
127	153	1.836703138694221
127	174	1.4897669160804663
127	195	2.192960065126669
127	270	1.210317345156649
127	307	1.971583149093818
127	340	2.454558071185794
128	213	2.4192648505556944
128	301	2.400757890868091
128	329	1.7918189487456964
128	367	2.2984316701876466
128	395	1.311568748417133
128	433	1.8833705511317835
128	449	2.028701048413943
129	152	1.3321544728425376
129	160	2.2312867069938056
129	170	1.2657503057565755
129	200	1.8546912837019078
129	221	1.2341147575588756
129	224	2.109969459466212
129	332	3.5675571081777115
129	357	2.042615097080726
129	415	1.5316744874173067
130	177	1.4263885552236926
130	231	1.9787600906673908
130	303	1.4232792331209414
130	360	2.0787674996392695
130	366	1.5463329225569127
130	385	2.9659944037293258
130	400	2.161078335811041
130	410	3.509213028458152
130	412	1.5725362337786408
131	290	2.37712760534935
131	353	2.414480589043637
131	371	2.049159650167289
131	382	1.5826447788261078
132	135	2.2284385828302127
132	157	2.285265016700582
132	172	2.261249764680332
132	332	1.741363851753579
132	380	2.1952759719766037
132	440	1.4206719489465651
133	218	2.126140899931225
133	251	1.775547782414066
133	303	1.8968480753945751
133	396	1.5071392163788564
134	292	1.3327752827190165
134	318	1.645632374539265
134	329	2.3103920059834584
134	364	1.7748713140195567
135	138	2.380974396367636
135	139	1.6348370738809241
135	157	2.070533062808968
135	168	1.7120389088101113
135	169	1.4156437247818976
135	217	2.2882160492244705
135	294	2.305259596579158
135	316	1.5545502138332759
135	325	2.2087757831356214
135	338	1.619977790326117
135	440	2.037934292712558
136	298	1.4097756588595391
136	341	1.9078278394776294
136	349	1.760151402907216
137	139	1.4222732612876152
137	180	4.0609000218477025
137	339	1.2900343268587307
137	341	2.931280920583696
137	360	1.6858129150000227
138	235	2.484053026612024
138	279	2.0199593112222223
138	292	1.835305943385146
138	325	1.9306482190240062
138	338	1.8037912470357935
138	362	2.3220974012395255
138	409	1.8339965617643579
138	426	1.6055730510476043
139	169	1.300405554905868
139	172	2.318201033749014
139	204	2.0154236509972345
139	235	2.247479153993003
139	253	1.533631101309438
139	282	0.8423458826467598
139	294	1.523519614852634
139	296	1.8162674482816077
139	309	1.7838049202621165
139	319	2.3782591010816985
139	339	1.211767578109214
139	424	2.3465156450279383
140	175	1.6013794154183463
140	177	1.801586931827711
140	178	2.216491913530409
140	201	1.4661032809953243
140	246	1.3725377874561453
140	320	2.110544550278868
140	385	1.6215878560706076
140	410	2.195426602501595
140	442	1.8261058954091585
141	186	1.8257357995370231
141	192	2.417891742207668
141	214	1.3749444180414663
141	249	1.9120663674826401
141	273	2.2950649891795436
141	308	2.032238088631791
141	407	2.0815504482669325
141	441	3.6898773131807103
142	149	1.4009526246273922
142	185	2.1106973161428733
142	357	2.305671187877211
142	421	1.3616607703793713
143	145	1.7004748947024306
143	159	2.080631522900346
143	172	1.3758149476595685
143	190	1.6584790964547498
143	209	2.1089246898325786
143	310	1.3230541706013499
143	354	0.5605820901004699
143	387	1.6997521526891772
143	390	1.9704352648480565
143	399	1.39199721224082
143	401	1.6859132505633092
143	433	1.3895486858814472
144	168	1.6591149652137096
144	209	2.367443452379624
144	238	1.7006516654179784
144	247	1.8957335742710135
144	383	3.8975212606082583
145	159	1.834469623987764
145	190	2.292432802186151
145	209	2.1974225489114962
145	220	3.629703431880624
145	259	2.4399221711918564
145	283	1.8733075392108658
145	322	1.4709466399899065
145	352	2.105006045472311
145	398	1.6508380318882754
145	401	7.100536374448428
145	427	1.722708932285149
145	436	1.8253730104870862
146	159	2.177359773885275
146	232	2.3518341868766113
146	371	1.68077400206972
146	420	3.8421341676527154
146	429	1.7460504727018307
147	327	0.8230290906026175
147	366	2.2809427597321963
147	429	1.9585583717750874
147	442	2.2510156408433835
148	173	1.3310949251030422
148	210	1.8550257818689198
148	222	1.437787481278625
148	368	1.4981142921221082
148	382	2.3061334945348957
148	397	3.7710010789721067
148	426	1.2593091607792803
149	174	1.4900414501505437
149	185	1.9087086190751572
149	261	2.3630454268944714
149	273	1.2717267699073147
149	306	1.7935518511119817
149	321	2.346169635500034
149	379	1.3740334252478923
149	404	3.4153247914822336
149	430	1.7336101133897708
150	152	2.312667132124826
150	156	2.3868649417765186
150	188	1.4093391698430544
150	200	2.3582732628293095
150	224	1.2727355471898372
150	422	1.3854654670434958
150	428	2.1590567522265323
151	177	1.783070554188288
151	180	2.4857397178894134
151	281	1.4369245294425532
151	330	1.6742063776995864
151	345	1.655456324261213
151	358	2.37842807958478
151	366	1.3128433883282038
151	412	1.2143984142426327
152	156	4.621803012627376
152	198	1.6951471952349766
152	199	1.2501082182858463
152	303	1.6657017733470276
152	315	1.856255847246147
152	368	2.012375312076774
152	372	1.3357913337429732
152	384	1.9650471984973201
153	174	1.1968219217782468
153	237	1.3016867431747245
153	295	2.8555335559873445
153	386	1.6650144488958465
153	389	2.337275537932548
153	431	1.9019041370156908
154	167	1.5898411146101263
154	292	1.9677467288475248
154	331	2.2958626030981395
154	349	2.7184466521931814
154	361	1.3206924809772946
154	364	1.911609286335192
154	402	2.0896063790396777
155	248	1.839000079618218
155	289	1.3269499258003146
155	299	2.2442382270730414
155	311	2.041634749603557
155	324	1.3839333720239886
155	403	1.4933034147867439
155	434	1.3921696724734092
155	438	1.7585525455937323
156	164	3.313593458403301
156	170	1.642786414929667
156	193	3.9577653055628015
156	223	2.154227084801156
156	224	1.6220829573026836
156	246	1.780291183945463
156	384	1.8749647020060312
156	415	1.3122635451375422
156	426	1.7754086615105606
157	162	2.106339997135702
157	166	2.0089905149750913
157	190	2.2072802193247183
157	234	1.6429486012801489
157	235	1.720803038822985
157	327	1.709684416924687
157	338	1.694236594879626
157	385	1.8666465395445822
157	409	1.4488776770542018
158	171	1.315327379455269
158	184	2.117558413919276
158	232	3.7419699491029315
158	275	1.6858165137031171
158	280	5.748683059513851
158	300	1.4273421634215737
158	444	2.0753850332735673
159	183	1.2006634321348308
159	190	1.9699124462947446
159	220	1.756165859220935
159	387	1.236268346136791
159	436	2.3880738244818422
160	170	2.2149987448797708
160	241	2.0222916400068716
160	310	1.7787335778294335
160	372	2.0409771236175613
160	374	4.843321042050311
161	163	2.129943996328228
161	227	2.3022575160487397
161	238	2.3300491356153477
161	241	2.437483972969914
161	279	2.1693726514886933
161	312	1.7286843978161723
161	338	2.0196200766627133
161	371	2.1603328140331657
161	409	1.9583925700169402
162	273	2.075434462177851
162	393	1.9055525444467931
162	415	1.465753353326324
162	437	1.8677020795821488
163	214	1.4470221515737107
163	249	2.0421120005132476
163	252	2.087313505425084
163	257	2.09741880189358
163	299	1.9616559115367544
163	333	2.093193046417617
164	168	1.7380961512111945
164	193	2.075066977339832
164	325	1.8853367489549115
164	426	2.4994723585986245
164	434	1.8990984741833294
165	198	2.040453943569897
165	214	2.461620742056276
165	264	1.6227663056622985
165	274	2.155763745935741
165	275	1.6478205274403268
165	280	2.3751553195882313
165	286	1.0055137616175935
165	308	2.2942716079461403
165	334	2.1696638448005383
166	216	2.472950240382314
166	277	1.2373494861371006
166	313	2.465120254349019
166	327	1.74498259465748
166	396	2.4450497947157555
167	181	1.8087935332349776
167	213	1.283977038324867
167	281	2.0889404756736556
167	344	1.5028068061221949
168	207	1.3292052547727036
168	217	2.3818061553806342
168	296	4.368006344996379
168	418	4.186043682462813
168	440	2.3214999327386483
169	217	4.12961623408927
169	233	1.30802249287369
169	235	2.099690393167117
169	242	2.4125767416986523
169	282	2.0900724810329008
169	319	1.5034120227017258
169	370	1.4140129303167943
169	426	1.5162105216059625
169	448	2.4313299455190753
170	193	2.422610739740478
170	257	1.3932998902102107
170	315	2.320685564055114
170	422	1.5437780150903728
171	194	2.2512585687457976
171	269	3.1948540032469563
171	272	1.2163730276716933
171	283	0.8902201452119338
171	326	1.582039097686658
171	333	1.4134971026975731
171	336	1.5287120010597202
171	371	1.3203728744655616
171	438	6.317122552682096
172	251	1.3847433898814023
172	294	1.532163903660204
172	316	1.2786526253460584
172	325	1.3301796661107996
172	361	1.2679875880891844
172	409	1.9099099161207087
173	216	1.777164048325863
173	225	3.6356056769956386
173	247	1.907962354269475
173	265	6.409949400358514
173	365	1.9971693927558465
174	185	1.8292471482143458
174	226	3.4766858695861047
174	321	1.7654504754016576
174	337	1.6983555604624012
174	406	1.2316594075640048
175	203	2.179878519779754
175	226	1.2174845952818374
175	295	1.8489241325874746
175	306	2.58955019830352
175	370	2.04836858773242
175	381	2.082018482803871
175	386	1.5995137599263543
175	406	2.4087865377656734
175	421	2.490415346787316
175	431	1.006845290392069
176	232	1.6056307260050229
176	264	3.6021894331251874
176	308	1.7561685700939087
176	320	1.8055328131532105
176	444	1.7138255268325635
177	254	2.080786186017472
177	298	1.8474758694049127
177	330	1.5780142879195567
177	410	2.1703099535290815
177	416	1.8491711395559156
177	429	3.640361148270256
178	180	1.5741989913321488
178	250	2.301526840989048
178	277	1.732325658818504
178	283	2.259420985812089
178	348	2.2495476935829566
178	412	1.421512615852762
178	416	2.4186851594605603
179	240	1.813724206023041
179	258	1.2974940389237681
179	344	1.2666719877338701
179	349	2.3347446308520583
179	425	0.8280646379108865
180	213	2.052480824202808
180	215	1.6502745022072447
180	330	2.1663632809941338
180	339	1.6397040681514639
181	208	3.4588662894084763
181	244	0.7598329181615935
181	258	1.4871223376062694
181	267	2.0631573476201286
181	278	1.2522303520000988
181	292	1.8497880049822157
181	301	1.5699037443804211
181	318	3.779444938389733
181	349	2.3786124743417547
181	433	1.9330300534094569
181	449	2.1557635835744837
182	267	1.333413804902238
182	344	2.184538184454359
183	248	1.9359023506728492
183	265	1.9097231264988352
183	283	2.4476483065694645
183	345	2.0606102515454587
183	363	1.2519638458210394
184	214	2.22975572616102
184	215	1.4839570033790102
184	281	2.023843520715526
184	320	1.4348499582976482
184	359	2.3289866701068873
184	397	1.840837155841641
185	195	2.411754656904116
185	213	2.0966581615274675
185	237	4.3068390692119305
185	314	1.7807119630167203
185	321	1.3031395332985425
185	348	1.913463128928224
185	389	1.9893507484145772
185	393	3.8424125409879775
185	400	1.8350778285032903
185	406	2.120324377340927
185	423	1.645676771690092
186	215	1.9278963060659486
186	231	1.3737390970389387
186	290	1.4856229514742352
186	353	1.6283788131576484
186	372	1.3438565850292548
186	435	1.2448450768557886
186	443	2.3093199132402917
187	207	1.7287039389599586
187	239	1.8385166469460708
187	244	1.7106887404698967
187	308	1.8583825657519295
188	193	1.209171173682961
188	211	2.4346913766221956
188	224	0.9195526081602724
188	341	1.84526040376665
189	194	1.8854805181548913
189	289	2.2127490842217123
189	408	1.9598363771813099
190	209	2.1515868498776705
190	241	2.3139643972675072
190	261	2.3892099351573295
190	305	1.4164091473156017
190	350	1.4879456886735363
190	384	2.290744724024675
190	401	1.4916081822135991
190	427	1.6851816733579703
191	213	2.0203510479736684
191	258	1.2870963123389363
191	266	1.3958073810568188
191	329	0.6034136708283824
191	349	2.115973519517382
191	351	1.8760867044772138
191	393	1.283950186444874
191	395	1.5589236533684185
191	433	1.4041755768135902
192	207	1.8824772931719953
192	291	1.7557728380901407
192	373	1.4258348154092455
192	411	1.3078295975075178
193	199	2.348225096444853
193	211	1.2599934647367497
193	447	1.2129381586387267
194	243	2.210961530635748
194	248	1.5234196217320803
194	262	1.5906740503561672
194	283	1.9636114215729308
194	298	1.822533912033507
194	342	1.720784419777445
194	345	2.3633433758489124
194	441	2.022461054141875
195	421	2.4312566032285243
196	202	1.8847425899310537
196	350	1.692888882659495
196	354	2.1894079862623927
196	387	2.4886805763852955
197	331	2.409479737877668
197	351	1.3725195181083274
197	425	2.2742233428397234
197	449	2.243423442451686
198	249	5.793876451500738
198	275	2.210133241693261
198	300	1.4420901563805664
198	334	1.5141839186331059
198	420	1.2555786176987815
199	211	1.536918948191984
199	315	1.9424657759658692
199	403	1.3618356742848912
200	229	2.460511170596909
200	357	2.3425323384303454
200	405	2.031789615549078
201	240	1.400416980091137
201	258	1.8999201705720923
201	329	2.18456181878431
201	331	1.9958012220465229
201	344	2.4388509617552803
201	362	1.9342796336446333
201	385	1.5919554110433325
201	409	1.7489808106917974
201	434	1.7913651805928419
201	440	2.1787034693957255
202	222	2.4130723289757987
202	227	1.2210407474222231
202	259	1.9669520912680216
202	261	3.134224198811105
202	310	2.43342269719718
202	355	3.452155419623317
203	295	2.3564725683908634
203	297	1.4211048054990314
203	307	3.6564658625628472
203	340	1.274509854919297
203	346	1.254476840360983
203	404	1.9259918272046281
203	406	1.6280471872891122
204	217	2.19943777071862
204	227	4.224955927934593
204	234	1.2288130292955994
204	362	1.8198770721496844
205	215	1.682926547178148
205	327	2.39426947649498
205	359	1.9923650838330365
205	392	0.446277738562488
205	443	6.198444167359131
206	215	1.9867622785045507
206	248	2.391808008229153
206	290	1.7548254790630529
206	358	1.3980572336263195
206	400	1.5586850767878486
206	435	2.458486869277687
207	212	2.405499232654625
207	232	1.2193514317338792
207	250	1.2329325916234593
207	320	1.7831914177937143
207	380	1.4905161821881447
207	411	1.2238314624161049
207	444	1.2905485953287514
208	209	2.1728318635429122
208	267	1.4178230277408306
208	292	1.249733123817954
208	323	2.0569433836685445
208	331	1.5910669698289317
208	344	1.9723508542514545
208	367	1.7895442478418495
208	394	3.3137458112163984
209	239	2.0551496062369154
209	241	1.2965157842976027
209	294	1.261117445948844
209	322	1.9102060950194575
209	354	2.17684677546707
210	247	1.7381468002132214
210	317	1.536435913690246
210	356	0.42036186077747395
210	383	1.455597899117438
212	280	3.2261251139404443
212	293	1.5779962188009256
212	300	1.2779943009927195
212	308	2.4679514532536357
212	334	1.4053172822096522
212	377	1.8065439625531066
212	397	2.4636073520890376
213	254	2.250457444179368
213	266	1.2418254499519625
213	293	1.9480598456489073
213	325	2.486796361685081
213	351	1.990596918217706
213	402	1.8585569259314914
213	433	1.9664039712838308
214	260	2.073019470001836
214	275	1.468120100921855
214	358	1.9981673986518433
214	420	2.3722118202367017
214	444	2.387531191512762
215	294	1.2842241472786011
215	313	6.973306426600312
215	327	1.50942671539801
215	359	0.6164733762085254
215	397	1.412473779789546
216	335	1.782173068942794
216	356	1.3002365738994144
217	293	1.470264043060074
217	294	1.9383876674014084
217	398	1.67416502756415
217	440	1.2894219592454725
218	248	1.221367259650611
218	269	1.9274978065478632
218	272	2.3483222911663333
218	312	1.5203890808450287
218	324	3.0566939394376544
218	336	1.371610169453489
218	342	2.236823808971726
218	438	3.8555666453364843
219	322	0.5398957470117606
219	354	1.8775209712601724
219	378	1.690956558570084
219	380	1.4912559138093855
219	446	2.145403782255381
220	387	1.9385940027458204
221	229	1.3094362330795777
221	265	1.5613643478463652
221	297	2.022210096852098
221	357	2.434419742310596
221	374	1.265021614490205
221	431	1.4764818570898002
222	335	1.7576800161904438
222	445	1.6068066937477015
223	256	2.1341862655604507
223	287	1.7601384489244456
223	415	2.143777534343812
224	384	0.20653738180328574
224	447	2.0899148522450597
225	236	1.55461820046449
225	247	1.9158376261115468
225	268	1.3224934579211416
225	335	4.088573247640934
225	368	1.4369925504505345
225	391	1.408545118005659
226	295	1.7555159906622193
226	298	2.3964283485552924
226	314	2.0589634702686275
226	321	1.5071226252556533
226	340	1.6792740599262062
226	393	1.2611079555328746
226	400	1.7938533720665726
226	406	1.6218181902778634
226	413	2.4211281597650176
226	437	1.7223917282540815
226	439	2.128014858277359
227	279	1.50896818318393
227	296	1.6238221811488105
227	362	2.3334606001950293
227	426	2.0940177108733753
228	238	1.7769645041741768
228	274	1.2963975844665128
228	356	2.2500329251497124
228	391	2.442962326564944
229	256	1.7700060475774055
229	374	2.1689062479294376
230	236	1.7304132073990905
230	259	1.7271579587537147
230	320	2.0132231627265185
230	356	3.2236747176535836
230	365	1.276609621518054
231	268	2.1212663825848144
231	396	1.484516940771806
231	401	1.23884492118376
232	275	1.8980802376894172
232	284	1.4611173336979162
233	234	3.19088677492606
233	309	1.8594470268889602
233	326	2.4176797700611985
233	370	1.404593762947271
233	409	1.6774132482088837
233	424	2.148425385940516
234	325	1.8047633472178557
235	242	2.0128771349030656
235	294	1.968317367271342
235	311	3.4430011632491953
235	362	1.9375846861012467
235	418	2.4430278959710305
236	238	1.2932872733468916
236	356	4.426820771260196
236	359	2.272937091754562
236	398	2.0140982567110957
237	314	1.4378318031809365
237	361	1.7605213704657094
237	421	1.2065192752948304
237	439	1.6483521377685633
237	445	2.309389512158156
238	391	2.1567605057932164
239	259	1.383598900835505
239	297	2.263800877711093
239	310	1.7047191242582724
239	328	2.4798382095906293
239	341	2.3693730189616127
239	352	1.4620837491063872
239	387	1.6601443359209536
240	266	1.427169290295971
240	276	1.6471204173192613
240	346	1.8489264723682908
240	364	2.1699129685871488
240	367	1.7640737071553327
241	261	1.3355674700290892
241	399	1.7257065626785644
241	446	1.88505668846427
242	294	3.016780595474085
242	319	1.6695729399172297
243	248	2.3657098464948816
243	325	2.3429539655627565
243	411	2.1524209384335244
244	291	1.5796104669280517
244	320	3.8832824782121786
244	358	1.706985542061437
244	373	1.6311940689095221
244	377	2.2379972838439635
244	420	2.256460148301799
244	432	1.4698672721735835
245	339	3.4176101137790944
245	348	2.495394106360574
245	416	1.7953182381565465
246	298	2.0695555878839533
246	332	3.28544625607954
246	341	2.476880789622874
246	360	1.3906927240963867
246	369	2.2652574307521816
246	412	1.856874378060263
246	432	2.0434370390037495
246	442	2.1919756770413903
247	317	2.3010180032739687
247	385	1.951963217376072
247	408	4.089136262727311
248	272	3.1867910022219483
248	358	2.34607403672143
248	361	2.3680104806316113
248	375	2.431113436659442
248	397	1.6726951951147522
248	398	1.4842269306645668
249	286	2.69971795030133
249	300	1.4172848476773805
249	444	1.3021858709786998
250	254	2.4289492638505426
250	360	2.2192342682023405
250	385	2.491342779430851
251	311	1.489834247936329
251	337	2.1065650782459455
251	409	1.727855695307839
251	417	1.4217705958404825
252	315	1.7540281081453188
252	422	1.5433379980644666
253	272	1.75908853079236
253	362	3.1374366902710973
253	418	2.286134111478261
254	341	1.8182357300573844
254	363	2.435319510975052
254	399	1.6929792793094678
254	406	4.1530642881115565
255	292	1.800945166242859
255	323	2.1616797180386618
255	331	4.38828339257214
255	344	1.7827257584725846
255	395	1.6857759885564625
255	433	0.44735788642399854
256	405	1.4867059206153617
257	372	1.7663480272786496
258	351	2.167509404308597
258	375	1.827047720194348
258	395	2.1583660715560726
259	285	2.043894130657079
259	310	1.9270132683583978
259	399	2.0274018483029184
259	427	2.164926167948751
259	436	2.030030894818303
260	264	1.3092357228436093
260	280	1.4800186303239626
261	305	2.4029573391087258
261	310	3.0308811483378224
261	322	1.6829198613008152
261	354	2.34479749549834
261	407	2.3777013762398305
262	269	0.6968612976159823
262	274	1.6811449973302421
262	283	1.8698069102984174
262	332	2.4794538435140874
262	337	1.361029074856661
262	363	3.9683392286730252
262	398	1.5590879257301566
262	434	1.4256389177822557
263	328	3.7782131519303253
263	329	2.402838633999875
263	344	0.6816535864539409
263	425	1.3213500236608569
264	280	1.2208344064506784
264	284	1.6706537544166657
264	320	2.462332759726177
264	377	1.5786522125350158
264	441	1.653516058140795
265	339	2.3387845497288957
265	370	2.4069902290139824
265	390	2.432112494151414
266	301	2.0197989146649977
266	394	1.7352099531319989
266	402	2.275920424998863
267	292	3.8105797516359514
267	377	2.379457328287108
267	394	1.9829334799406682
267	411	1.904379019671338
267	433	1.5449163379910853
268	305	1.96308028485877
268	397	3.9670875581950154
269	330	2.0823311147826638
270	306	1.8311411896034118
271	307	1.8995251601742313
271	314	2.2981035319687075
271	389	1.8793509023983817
271	431	1.904509033867126
271	437	2.2463114694885196
272	299	3.993407935149864
272	324	1.487842991152216
272	343	1.2589655565191202
272	363	1.8490677452419417
272	403	3.7010303506927826
273	321	1.2606853415277894
273	337	1.9863074106631615
273	346	1.38560327404901
273	437	1.7696732528830394
273	439	2.243878274002041
274	278	2.234881147498082
274	342	1.3054159208177807
274	397	1.9175114392057826
274	398	2.0719167804083316
274	408	2.24691021229001
275	286	2.42895075064972
275	373	1.293839873345538
276	346	2.1269563667959526
276	432	1.8451537448381088
278	283	1.4839444078277744
278	336	1.879953592604306
278	375	2.2126559921244757
278	378	1.660805927172774
278	398	2.1923000706084634
278	408	1.3232334714002427
279	296	1.6186587547925226
279	418	2.2433313356634397
279	426	1.4132905161262015
280	327	1.650917271163628
280	403	2.0870040898772775
281	291	1.7830786521083823
281	300	1.5565005901485691
281	320	1.2864397032295982
281	371	2.329828331000278
282	294	2.3274516935019127
282	418	1.450630130841729
283	324	1.2566905654123899
283	342	1.439379858735354
283	343	3.7606503981182673
283	363	1.6556373856094277
283	371	2.3421219827146924
284	358	2.294830284951596
285	342	1.6850719135681147
285	414	1.8901214023461141
285	438	2.1705891575227385
286	320	1.7615108809332902
287	388	2.4309519121760435
287	405	1.256305909988596
288	300	1.4369491362285047
289	358	2.0149693878817794
289	398	1.3430514796082442
290	303	2.3703992798446856
290	382	1.7383320568663756
290	392	2.3727631799392337
290	435	2.0119334154395867
290	443	2.380660234224124
291	419	2.4841656547266053
292	318	3.8230048966270247
292	328	2.1384389102306045
293	356	1.2025595279819137
293	395	4.020782720156512
293	430	1.956599526981756
294	325	1.8856578843682814
294	345	1.5344360346870665
294	362	1.4069740356834548
295	307	1.4960456090532082
295	389	1.7583919503114438
295	434	2.263848004614645
296	316	1.7834652063632555
296	319	1.2694964581120056
296	344	2.2309173927820902
297	350	1.25001950640493
297	354	2.440562485777048
297	363	1.3279489245136484
297	436	1.7528601946324742
298	369	2.309547897547951
299	312	2.1001105604537034
299	326	1.6705193474305509
299	375	1.390734358049463
299	398	2.048499289657981
299	428	2.2156831350090065
299	431	1.2468158638792426
299	434	1.7960730385834807
300	335	2.179210158152464
301	345	1.5237428737586511
301	367	2.29958570681433
301	394	1.4335818406413403
301	425	1.4095773138563692
302	365	1.4353134892776116
302	391	2.3456976796700655
304	311	1.60282603308015
304	379	2.284923635359749
304	386	1.6043334822013846
304	439	2.043606306056685
305	322	2.2056141669668485
305	399	2.2047723271358812
305	413	1.9302202244383446
305	427	1.785840232825071
306	430	3.238259874654576
307	314	4.013157319994484
307	366	1.9332753944978542
307	445	1.406597393911071
308	377	1.9574686548817022
308	411	2.205564248224482
309	325	2.0624201315160344
309	426	1.6460922944870275
310	355	2.1676771234609307
310	401	3.2899377925547837
310	446	2.47116275101569
311	325	1.2156472975693429
311	338	2.024886260606754
311	362	2.1763274274131508
312	326	2.137605060805641
312	345	1.3537555347072254
312	371	1.202994653381253
312	372	1.8841192549430243
312	375	2.4846019671099144
313	327	2.3227612018614323
313	366	2.2985215678125845
313	375	2.474132347984182
313	382	1.4567441960550054
313	396	1.2846327366231687
314	379	1.9309162823693171
314	393	3.888167545556821
314	423	1.2223451854199603
314	439	1.8781713404439153
315	384	1.8296424382946368
317	335	2.389804713405005
319	416	1.3477644656923227
319	448	4.356611620140696
320	358	1.9918559578340873
320	441	2.3836425318755197
321	404	1.9596428364391576
321	406	1.4828368121028639
321	421	3.980397609532619
321	423	2.3271829495053016
321	430	2.4971440348822345
321	439	1.2589769768459997
322	353	3.3742643309164793
323	331	2.0122920866380047
323	364	1.9945640510225227
324	326	1.7942677628591142
324	381	1.5194171568514472
325	362	1.334302568098369
326	436	2.489916917255244
328	331	2.1417025918793304
328	332	1.3747363341134724
328	344	1.8020241287272094
328	349	1.6710908760543313
328	364	2.2780031014045434
328	449	2.0688226953172855
329	395	2.298235828977383
329	402	1.6653757798415987
330	336	1.4317869093299125
330	447	1.5693514703379308
331	395	1.8093295825144904
331	402	1.949871700477133
332	357	3.2867890621422076
332	372	1.6004651376818715
333	335	2.455790441652584
333	371	2.1648674542657886
333	380	1.2396914438152993
333	403	1.4652436352456526
333	408	2.4852566599662564
333	417	1.254434527058404
334	411	1.9808765026627047
335	365	2.4576436437151488
335	391	2.4562662922005876
336	342	2.354394989082735
336	345	1.9836201347294409
336	371	3.2919026882852567
336	403	1.9513714772821746
336	408	1.3681653787950263
337	342	2.0074723643841956
338	370	1.2614453799219567
338	440	1.3635241654594712
339	360	1.5179504717267165
339	367	1.7272122781023271
339	385	3.2500584960822296
339	412	1.353865864967583
341	369	2.177025932096739
341	385	2.2320362378026495
341	432	1.9041335725677029
341	442	1.79792394993829
342	345	2.3817956945747834
342	417	1.6145337353681097
343	428	1.7702043599209143
343	432	2.057142629827132
345	361	0.4886590497104851
345	403	1.4827408813501204
345	417	2.475945845123813
346	367	2.4399567738856427
347	381	1.2071448430164946
347	406	1.9354233857729286
347	431	1.241024570394658
347	439	2.4566169394339794
348	410	1.533193446082113
348	412	1.8545056000401692
348	416	1.2143182607990846
349	364	1.5991766473927196
349	365	1.2094846135159913
349	402	3.74475788177163
350	380	2.3953227547943765
350	401	2.988371995570252
350	427	1.6059489479817455
351	394	1.261757850997082
351	432	2.1562753093487905
351	433	2.4043416555369395
353	382	1.9997466283883203
353	396	2.251096915641232
353	407	2.401651510010777
354	413	2.232495211225701
355	387	2.1281455905399893
355	436	1.3580912036188724
356	365	2.227233247442917
356	414	1.7304030041507095
357	405	1.6322188285241563
358	411	2.210771899095807
358	420	1.8727627307073784
358	441	4.073672647085532
358	445	1.7760091006043814
359	365	1.5013127407748397
360	385	4.626213588548108
361	371	1.613600007703266
362	365	1.7026766389158041
363	378	2.336991022236501
363	408	2.231189470686618
364	367	2.449645983774198
364	394	3.393134959133033
364	425	1.821914382602798
365	418	1.7892466068766542
366	400	3.038642240857671
366	446	1.8883914443654273
367	394	1.8001834176855183
367	449	1.350016580521881
368	399	1.7311666450924932
369	385	2.388345798371907
370	409	3.8637624796316126
370	424	1.6268524862064644
371	375	2.0989521238204705
371	378	3.6784213474134146
371	408	1.6420188131899764
371	434	1.010131377984248
371	438	3.6805189722888385
372	374	1.2453184041530367
372	415	1.7026008133150843
372	441	1.8059272237657304
373	377	1.7536595493995557
373	438	2.32424822884228
374	415	1.2837262753731273
375	438	3.6878006432770345
376	384	1.3010837272232894
376	388	4.335355691446849
376	405	1.7925565864924988
377	387	2.342210314946545
377	411	1.8316005710696515
377	441	2.3938740946145303
378	402	1.9291176520210707
378	417	1.6280072917525796
379	404	2.1236687033754
379	406	1.9220674214866162
379	430	2.3021866681066108
379	439	2.210264894343437
380	448	1.2081799884640922
381	386	2.252576622452808
381	405	1.7585848918829035
381	406	2.3813443723661045
381	431	1.8309829153986583
383	414	1.9514623100012896
384	422	2.3918694186005345
386	421	1.730680514700008
386	439	2.467906754894406
387	399	2.3136116734123315
387	413	2.390228566507576
389	393	1.6520811072630974
389	423	1.5446857302352615
391	397	1.21164024768043
391	418	1.5311410891298665
392	431	1.7081724038765134
392	443	2.28996652346688
393	406	1.2876361779380814
394	395	2.1853652017341476
394	433	2.374001032753103
394	443	1.5934159136498436
396	435	1.5066059364275897
396	443	4.466244403694063
402	425	1.3272335889837348
402	449	4.243730067482842
404	437	2.2886582981104717
405	430	2.464891584801821
406	430	1.8643925379659554
406	431	2.0997269101864093
406	445	1.396696220041867
409	418	3.738715869067325
411	419	2.2922943358902548
411	420	2.2621746934005067
414	440	2.273928040534459
416	442	2.155300492130162
419	423	1.7458578581956226
421	430	2.4019503972945007
421	431	2.4746187329459293
421	439	1.2308449686608225
427	446	4.598877159936036
429	432	0.9309946149582491
436	446	1.5199272030756885
437	445	3.598157762194523
