23	24	2.1409737566312748
20	27	1.7114699181229793
3	36	1.8456891627934795
49	56	1.4176228895715202
35	65	2.081108472721798
28	77	1.3892596293147985
65	104	1.7152415168016097
15	111	1.831272220578632
66	111	2.0413801631761266
45	122	1.3191696918121076
60	122	2.165538731045638
112	123	1.255746740855472
81	125	2.2853445219776107
50	126	1.326002010800641
74	127	1.833425212011353
44	128	1.2167006908153633
123	134	1.3474388697141404
61	138	2.389392112211093
122	140	1.3657729747275675
127	142	1.553458421060194
115	146	1.9231524089035625
60	147	1.435689837330513
89	150	1.7218345663811347
126	153	1.5122009919293378
33	154	1.9504787121772376
156	164	2.0206793815363118
7	165	1.704136049442337
5	167	2.383743744219343
127	174	2.0279762418459972
153	174	1.321525909146093
137	180	1.767879206022883
7	187	1.8304037598819107
126	188	1.811410016446931
119	190	1.8563347365546095
156	193	1.7287993130694264
21	198	2.300114349657849
89	200	4.371290482299623
86	201	1.7097693236687008
29	204	1.2535289959408906
6	208	2.0679967447373864
169	217	2.370095136358832
58	219	1.6639148827914894
209	219	1.368361957478692
12	220	2.2442032660365427
188	224	1.5004901388983407
173	225	1.7695694932491026
35	226	1.2449806355239774
71	226	2.3433880278772703
204	227	2.464712704957332
158	232	1.7961380904385673
54	234	1.9074128011749187
99	235	2.3674123168201993
59	236	1.3760434580101584
40	237	2.345287803627826
12	239	1.9947336112115455
181	244	2.1257503148180477
20	246	1.2798964761785487
66	248	2.180194855418419
47	249	1.4126438705119073
198	249	3.4672004621695978
52	255	1.630681797892326
176	256	1.7234564347365404
199	256	1.8805455689810047
200	256	1.9132887481954448
79	262	1.2074960377827422
176	264	2.224452458318905
86	266	2.324912590589638
171	269	1.6782853198942276
262	269	1.706721117593526
41	270	2.003111998941213
248	272	1.464478692552489
5	276	1.2129873109514586
268	277	1.7904428868121034
69	278	2.275597941254007
275	281	1.3798839065999307
139	282	1.2983242811125817
171	283	1.2009809402865452
264	284	1.9851618683431873
165	286	1.4293123375966066
96	288	1.5572379805284153
267	292	2.3162591259415155
115	294	1.753123825432571
153	295	1.496293170987302
82	299	1.613764150039904
148	302	2.032546721555294
7	303	1.4202555218195434
65	305	2.346967458070253
102	305	1.4425970268247907
175	306	3.273655485501098
203	307	1.3532652548174395
235	311	2.1626484356318243
215	313	4.719006119098808
77	314	2.2363120822405116
172	316	1.703642788150032
68	317	1.5843216208675255
181	318	1.8458220150958042
263	318	3.4912955880689283
99	319	1.7140123925821629
237	321	2.158150484842317
219	322	2.250302217168563
147	327	1.2459010751361506
263	328	1.9343152065502736
191	329	1.803668939296258
156	332	1.3549792645623109
246	332	1.8798871096258412
108	334	2.065742426595386
11	338	2.2065801062953287
203	340	2.317200710910178
263	344	1.2088066568913276
203	346	1.2600236631052646
48	348	1.5431375393179243
122	348	1.8831984737686442
292	351	1.3247707245229432
322	353	1.3316172191365114
34	354	1.8958546291380212
143	354	1.2516507333295475
210	356	1.7371035498696366
236	356	2.2211816440130545
215	359	2.0675972112762437
62	360	2.3474892425099343
114	360	1.7295260870292608
345	361	1.2651664699552785
84	362	2.2870410315942427
253	362	1.5244002026666523
297	363	1.5234992605183821
64	366	1.7521369089347845
110	369	1.7356140526179709
35	370	1.3774285330122407
319	370	1.7357008104292815
336	371	1.9947096456716344
343	371	2.0934168176261965
186	372	2.266449924626416
117	374	4.6412996968307
91	375	1.7075926168746802
326	375	1.630698435365246
371	378	1.706973294055703
224	384	1.7316370470291702
114	385	1.542729476413701
130	385	1.5246710689614162
339	385	1.9752314943031615
121	386	2.431521653987479
12	387	2.2997148824180664
42	387	1.9614051640013885
103	387	2.1357692603458545
220	387	2.101424988313077
376	388	1.9166841138198716
304	389	1.6856298723174488
379	389	2.0482354028967285
205	392	2.0620468450143052
40	393	1.2712364153688855
276	394	1.7323967125756776
364	394	2.1451588973598334
4	395	1.6990208932802024
33	395	1.679183812259858
25	397	3.692002182690647
121	397	2.407294252706891
27	400	1.9839029451872232
57	400	1.4458936309979609
102	401	1.3031498801437096
145	401	4.824293620203404
364	402	2.2809923855847556
149	404	1.55667739491038
254	406	1.9196085232576756
247	408	2.4339850431690575
157	409	2.2000298042416073
370	409	2.0969651331571244
130	410	1.4851622752703915
341	410	3.880333816049662
366	410	2.1270398103771324
157	411	1.9301735259531951
319	416	2.0148657371944028
79	417	1.2730163198231417
260	419	1.6654411239735472
63	422	4.027050257478855
46	423	1.3080758179855798
307	423	1.2496227447732324
234	424	2.065586107377835
179	425	2.46608154821297
98	427	1.3483044193524498
190	427	1.851788737709753
50	428	1.700828296423675
76	429	2.3520121447406095
421	430	2.446004740403577
82	431	1.217721429698518
175	431	2.2829829102664227
110	432	2.2623861174651925
429	432	2.478688581562717
0	433	1.5815176858007205
255	433	1.5367059229092095
371	434	1.2384363629886534
218	438	1.7624595712089648
141	441	2.0729791541286433
264	441	2.154450255231837
205	443	3.7409324143870606
96	447	1.959481403885546
134	449	1.9819458609778189
55	450	1.7326201075260963
90	450	1.9020779681057793
162	450	2.28666032748173
217	450	1.5067185702308556
259	450	1.4750856589221577
379	450	1.6984883199393461
437	450	1.2307966931286891
35	451	1.2552839478289495
114	451	2.11348680512322
209	451	2.0812351447052597
220	451	1.863231639745642
310	451	2.4318684125869594
355	451	1.8712103966760778
365	451	1.7178323038375733
377	451	2.1978448943277593
1	452	1.219407412764518
95	452	1.79023460435431
133	452	1.5362952735518598
145	452	2.4476411205069217
162	452	1.779875518297339
205	452	1.343497322476479
231	452	1.2647824323032961
392	452	1.6129903559683916
17	453	1.5872795808187976
88	453	2.468170675826981
132	453	1.3656373157052177
135	453	1.9880285006851293
161	453	2.0902081081281336
253	453	1.2214857046946888
354	453	2.3800339913403175
362	453	1.2731154797570672
370	453	2.1347440463829597
409	453	2.0336755518462355
426	453	1.2303745780622302
187	454	4.0069926672983325
192	454	1.4954268169176244
249	454	1.9070968984021817
264	454	2.0779397537935775
267	454	2.0642531264571753
281	454	2.166112852657626
342	454	2.4809023741391316
358	454	1.6244079383914731
377	454	1.5704164295550143
407	454	1.2536674134066597
420	454	1.491265437119369
436	454	2.1428334739453145
17	455	2.2467083033041844
32	455	1.8700524130231357
34	455	2.4979460671569678
97	455	2.1980503562230718
117	455	2.0157436365495585
119	455	1.754244838820803
152	455	1.4736150973997288
168	455	2.176417965922614
191	455	1.5210466794683273
193	455	2.3542568847679126
199	455	1.912791782400608
256	455	1.4192252979377828
370	455	2.2844859956274877
115	456	1.2944631655660117
121	456	1.2391628916568924
127	456	2.3863835384709486
174	456	1.3096500339506398
175	456	1.5293161785256657
187	456	1.3794340651907322
295	456	2.111516597820911
306	456	1.7196836861976368
314	456	1.4359143267728074
340	456	1.643380959227297
383	456	1.225686688659719
108	457	1.609358955584068
115	457	2.0483985794119453
176	457	1.7029230993189217
184	457	2.064848532277443
249	457	1.6191369625419045
281	457	1.8240729372741384
300	457	4.287544284392247
306	457	2.284207183971679
358	457	1.2805316671915752
377	457	2.0124991833239863
419	457	2.0167306436019268
441	457	2.1275443043758515
454	457	2.4327390233537365
79	458	1.6232022841905547
144	458	1.908438025594328
156	458	2.20021819757484
189	458	1.82277756236514
194	458	1.8691075383176277
248	458	3.523403242755862
333	458	2.08881192646939
363	458	2.4820719185823013
371	458	1.8568335758004424
398	458	2.1313944341747106
399	458	1.8100423754189352
403	458	1.8665561333323035
72	459	1.6054269948933042
145	459	2.1273955807509095
150	459	1.634563241103803
224	459	1.6752862483124735
357	459	1.3708782855381583
384	459	1.3600188770924613
415	459	3.951886855539451
421	459	1.3016428572856074
71	460	1.8080698877423818
118	460	1.3081378274408229
195	460	1.9093311063685001
304	460	1.7734496120592227
307	460	1.862241361572647
321	460	1.5143158074472178
379	460	2.314265917559868
386	460	1.8002447090108
437	460	1.5142521642405828
35	461	2.188763780759492
87	461	1.9900433201363397
115	461	1.4353098444568373
141	461	1.9703180067086492
206	461	1.3425652843098463
411	461	1.2746388106712985
4	462	2.355939370942941
6	462	1.4065398027176208
20	462	1.2972276497975528
64	462	2.028170216759307
100	462	1.6851617578339575
113	462	3.908144253266705
114	462	3.119709332067657
120	462	1.5813956837244425
122	462	1.783361054466728
178	462	2.488695285447629
254	462	1.8076100102921604
333	462	1.7899957802521054
339	462	1.2708264935120437
366	462	2.184142961997572
369	462	2.2297648587841925
58	463	1.7596678673377695
143	463	2.2200670256382735
209	463	2.31605790669573
220	463	1.9344478726821148
259	463	1.9252206681438906
296	463	1.6319964769554511
297	463	2.493431870672156
352	463	1.4106941263766268
353	463	1.8318650534546352
411	463	1.7120077463218928
446	463	2.3416245366292237
15	464	2.0886394328629354
76	464	1.5084009226019464
84	464	2.3954961921937663
104	464	1.8878931975087476
245	464	1.61386460794726
250	464	2.2620917060451777
298	464	2.3749252450078178
348	464	2.3869875344346685
416	464	1.8393864851133903
429	464	2.9653565062907656
96	465	1.5913594979569412
108	465	1.3976556352600475
184	465	1.8983494651533677
187	465	1.6909055693083763
275	465	1.2285197396061667
285	465	1.7449594937297945
288	465	2.032437162753399
308	465	1.7408641373177822
326	465	2.428434412838779
334	465	2.1183420207794885
356	465	2.1585046344374987
373	465	1.3107680326121012
457	465	1.502643371873786
28	466	2.3213787067440315
80	466	1.2848978475235302
82	466	1.683947563387045
98	466	1.2838399830734608
174	466	2.2261811158091493
185	466	1.7598539159188877
271	466	1.6904922188008091
314	466	1.2964656683303826
321	466	1.4659790574838578
421	466	1.7105810926564315
423	466	1.745124990142545
431	466	2.368402599397419
9	467	2.232227268424337
23	467	1.9401106961195267
25	467	1.8070681323016529
69	467	1.2946773385344885
236	467	1.4574424114415474
425	467	1.730290358849926
88	468	2.215852544743142
99	468	2.2172841309739493
143	468	1.4363199390887802
161	468	1.308941456217237
164	468	1.9854868564342294
242	468	1.9837195396905853
282	468	1.4148486715595958
316	468	1.408069781559291
418	468	2.384125420981193
448	468	2.432690852199041
91	469	2.436150025938855
96	469	2.389090491050725
165	469	1.9953290802173471
212	469	1.9076970450991122
249	469	1.9468249977425462
260	469	1.3875594733505057
261	469	2.4718287417425095
288	469	1.3366230003431818
454	469	1.3288827474129314
461	469	1.4996782874599648
81	470	1.542897937121234
103	470	1.2063186133572759
216	470	1.832726669247129
265	470	1.4592274565443235
277	470	2.417944677337151
365	470	1.2225465054161118
15	471	2.3912555323330933
35	471	2.239608123175556
92	471	1.274439704218166
105	471	4.025790422372227
219	471	1.6793806310737986
354	471	1.628944102828767
367	471	2.2044754114918286
399	471	2.3612667939724905
446	471	1.6283056818525654
39	472	1.8862009030975382
73	472	2.429195308817893
79	472	1.7284627549420823
155	472	1.2547528071360643
176	472	2.4172038347324465
228	472	2.3041231187137745
243	472	1.2690178591188548
289	472	2.362086025223591
346	472	2.0878855770607427
438	472	1.5055256872368612
452	472	1.8297698113979801
458	472	2.456260900264578
138	473	1.506157618860386
227	473	1.3437284045467688
296	473	4.781552375930225
300	473	1.6213145651591092
316	473	3.234440190613792
331	473	1.5407497746228875
11	474	2.3064925162022956
13	474	2.362073265848445
84	474	2.3475288618361865
155	474	1.5136779337863315
189	474	1.2678763876412267
272	474	1.473639797867018
274	474	1.8125609223916683
282	474	2.3900580454553206
289	474	1.5574146069725379
371	474	2.4949894984953938
403	474	2.285190353874311
455	474	1.5676742125683478
16	475	3.224723810310268
39	475	2.3432197292641397
62	475	2.064273232586476
66	475	2.2813260203274526
244	475	1.736313445932304
283	475	1.8552427200130852
285	475	3.6260144446310862
345	475	1.8060479250370398
361	475	1.2387382064770796
406	475	2.12503521627039
434	475	1.5748217199769377
14	476	1.3294676046121179
18	476	2.205175412912503
94	476	1.699313401040746
105	476	1.9789316885383186
159	476	1.5437482811798442
168	476	1.5496833362567455
196	476	2.6663169621397635
261	476	2.474260215243392
350	476	2.357492843598725
401	476	4.3720118623257695
436	476	6.175238236287717
471	476	1.3008812495494302
108	477	1.2191601590140169
115	477	3.343382436983082
158	477	4.2245133146303715
187	477	1.6137857502565895
207	477	1.3971367890218143
214	477	1.2077237157385752
242	477	2.4081032702931333
249	477	1.4748882072398988
423	477	2.208065537075452
425	477	1.3731148664826207
454	477	2.0523271650002313
2	478	1.5925333554594971
12	478	1.6372734193875635
44	478	1.2648004367199808
65	478	2.208353659391712
102	478	1.8571846246229413
209	478	2.0256755510731472
219	478	2.18932980746125
220	478	1.7950480273892624
228	478	2.2863074547468614
363	478	1.6346615879785014
401	478	4.426856327973206
24	479	1.9598053565942792
65	479	1.68668990275934
162	479	1.5574098667118692
261	479	4.39327552524201
297	479	2.206683033728236
310	479	1.5485855744715509
390	479	1.6748258631266895
413	479	1.400520904757975
417	479	1.5925212531706006
436	479	1.764552221391277
476	479	1.3150709166145358
26	480	1.80762622292063
74	480	2.3841959669305592
101	480	1.2097456974602085
14	481	1.7403931367667265
35	481	5.914571784108088
58	481	1.6899928412010186
94	481	2.214498378325217
118	481	2.193613704213068
122	481	1.6729136827667004
209	481	1.6347383919869323
254	481	1.2869734915456597
305	481	2.4185737006040426
310	481	1.9952035703627238
352	481	2.686033830880832
387	481	1.2967040484806975
413	481	1.452263793394959
417	481	1.5496699906314908
37	482	1.222976292631246
63	482	1.980631385335771
90	482	1.9164547995173624
120	482	1.3612021070587743
152	482	1.2071175667755896
240	482	1.65894316504917
254	482	2.4000990550489396
256	482	2.216036159355851
257	482	1.3655123162315834
388	482	2.2148859356178114
415	482	2.2995787986340686
459	482	1.5018098060658291
95	483	1.9840654103613002
104	483	1.7351896887041292
186	483	1.729683141279923
205	483	1.2640076120487274
277	483	1.3400604528713715
290	483	1.948209185375934
303	483	2.224297414640369
327	483	1.7835581980327635
353	483	2.1736569907191887
396	483	1.2022145053824358
480	483	1.587415715589703
101	484	1.3900246922571011
131	484	1.7308824719146
168	484	1.8468516415144252
238	484	4.445477419859747
247	484	2.142460561902467
290	484	2.0467260805494587
397	484	2.0915101049271465
414	484	2.2501331071588773
456	484	2.333161256050115
467	484	5.089766520887859
127	485	1.2489256551890697
152	485	2.2032125162456904
160	485	2.073047060930386
223	485	2.1047188679459223
252	485	4.671682232183806
287	485	1.6080817093447366
357	485	2.2835058647797
376	485	1.3062256133597356
384	485	2.1371887189128604
422	485	1.5296258517196364
44	486	2.330588062011033
98	486	3.5289879663422594
131	486	1.4384958784495712
133	486	1.9019354670190074
193	486	2.1970576156497286
277	486	4.832930597792924
292	486	2.276908664864364
303	486	1.4502756467657163
313	486	2.400269448641933
353	486	1.9361328973015342
443	486	2.413365221005119
452	486	1.2589783070237526
43	487	1.7662915244430717
131	487	1.75318928063521
237	487	2.370146716994147
290	487	2.4542510278352454
313	487	1.5911702523342943
435	487	1.3165880158335999
10	488	1.310458757441785
47	488	1.771749265056766
51	488	1.3021355561025998
96	488	1.4975664370504926
108	488	2.0642066717870837
158	488	1.2184522010030228
165	488	2.407711487072297
220	488	1.296975359795154
286	488	1.6984821581223004
403	488	1.7066992172067104
419	488	2.4797247544314702
461	488	2.1967029516379832
465	488	1.7995614421606647
469	488	1.743228633537447
66	489	2.4396011801489017
141	489	1.6512082685341203
272	489	1.5154201071545963
345	489	1.5275556967084176
361	489	2.1462163673635866
403	489	1.6654068261360155
435	489	2.419586885304315
24	490	1.8828363844178806
26	490	2.1743936063462947
31	490	1.8791650082277793
32	490	1.581494744584537
74	490	1.8845011965674114
95	490	2.449490899096408
98	490	2.2738767052728237
101	490	1.459010747787405
120	490	2.373058789163181
452	490	1.712815906562148
72	491	2.1714518329482937
150	491	3.5496917297420407
211	491	2.452387529006729
221	491	1.4748327379255164
229	491	3.15608615611813
240	491	1.5786763482376358
287	491	2.1169791258073447
327	491	1.451259040170101
332	491	1.694723517537644
372	491	2.343420618943882
374	491	1.7891148334469804
422	491	2.332771231098982
14	492	1.341908411085193
38	492	2.3395360476713307
128	492	1.6786911622138683
179	492	3.8255365358280167
181	492	2.343868430691913
258	492	1.8046707697926392
349	492	1.5475654849283935
364	492	2.206607980654292
367	492	1.3256390531573639
402	492	1.4122327778353116
425	492	3.563202135609216
131	493	1.371452768834417
166	493	2.242041517414081
186	493	3.5782626830433406
265	493	2.3320008961783927
285	493	1.515710524431261
325	493	1.5521683887424418
452	493	1.306697750355933
47	494	1.203899724610137
165	494	1.8413580080903555
315	494	1.7303329656244288
407	494	1.242355049526271
4	495	1.2703239977557594
78	495	1.8970489639341124
167	495	1.694288844184482
260	495	2.277145178898256
293	495	1.3887518197504316
329	495	1.8454238699401024
433	495	1.4191134905286535
5	496	1.8841791519228752
78	496	1.9674604287594377
128	496	1.6298340546754784
179	496	1.6259379611909845
288	496	2.277197003376182
293	496	2.0355169063980045
301	496	1.9629375838430452
337	496	1.9832126637805492
364	496	1.7978826393152172
372	496	1.3031555412508522
417	496	1.994757975823556
430	496	2.072838521284476
495	496	1.915689064178612
55	497	2.3079954905876363
80	497	1.455358653336782
109	497	2.3249733388259033
153	497	1.3908080097973854
175	497	1.9362626172467632
185	497	1.5298694049014507
195	497	1.9045187883766332
270	497	1.8493228678602378
273	497	1.8345832745399966
344	497	1.396883500150551
393	497	1.2818078320410384
421	497	2.2757332341539147
430	497	1.5305196138025232
437	497	2.460864738082399
466	497	2.3738448911113483
475	497	1.225215300635836
6	498	2.1542268200686796
165	498	2.1724314284299737
171	498	1.5109020812705038
187	498	2.1951766792875675
226	498	1.2150576687875927
303	498	1.7965816152766099
313	498	3.825481522240982
330	498	1.9430879022198924
353	498	2.426262593658378
359	498	2.4204289884885553
376	498	1.7730773344579474
392	498	1.7690843008822603
460	498	2.2543780880850974
490	498	2.3738632009498684
72	499	1.4531370798925476
120	499	1.3256723090973321
132	499	2.4921831051027503
152	499	3.566292743367727
156	499	1.8024830223854584
200	499	1.9624564686714774
221	499	1.3553529570734804
332	499	3.724663520702161
357	499	1.4138608569290823
374	499	1.7971960759375365
