2	5	1.3302133672723038
10	35	2.0664906867066524
42	51	2.2639558278140237
51	62	2.234900690304794
3	73	1.8172684113083357
39	78	1.611973423898197
63	82	2.3849412959138547
27	93	2.488997350735915
11	99	1.254925081543796
29	99	2.2204252692330555
64	111	1.7939721088037093
51	112	2.3415548649133386
31	117	1.9242902328193647
46	123	1.9878762839226638
110	126	1.7739597288556814
32	129	1.9734808848149608
126	129	2.0241827079046844
88	130	1.6025704891175747
76	132	1.8076562559932121
25	133	1.9825948050919329
126	133	1.9193256207233986
16	135	1.5923390578570595
72	136	1.453635182592659
75	137	2.1671033260195207
113	139	2.0976329972364307
1	141	2.160676655425566
104	148	2.193828300899952
140	149	2.096717626126178
109	152	2.1040632560247574
138	153	2.149654497389746
19	154	1.766625190615592
77	155	1.243343825088505
21	156	2.3852316356093066
17	161	3.060951649050198
114	169	1.6222115068681835
76	177	1.4020135285866577
91	178	2.197971892225732
76	183	3.606949153504832
10	188	1.4595988179493407
81	189	1.2284130270628504
28	191	1.3478581275922679
109	195	1.674462703006463
114	199	2.101686882974942
63	201	1.5152786402667744
147	203	1.2410469064182974
160	213	2.228419551368373
109	217	1.6058362225721077
2	223	1.256946910706639
157	223	2.142789542018915
188	223	2.1265521071399016
14	227	2.1795092748985208
229	231	1.9187073615842518
11	232	1.5390769859577038
153	235	2.1692113600804475
215	235	2.2778287304416747
158	237	2.219841528270864
107	238	4.584230192590855
139	238	2.4054338412266834
63	240	1.5290691023509109
14	242	1.3223560205077947
205	242	1.5696600950189532
8	243	1.6013120809152643
204	243	2.1032226334389565
96	244	1.4771236617229333
49	245	1.9902061266285496
60	245	1.3496071588988454
140	245	2.078975742396316
147	245	1.8152483206392866
233	245	1.2620384233388466
119	246	1.5969053036416003
130	246	1.281808579159272
156	251	1.6905587336054582
167	251	1.783834615447065
113	252	2.3619733129238627
238	255	4.766750729084266
110	256	1.9776000360622428
155	258	1.4145612544893629
3	259	1.5977815805093183
134	259	1.3451792206215543
217	261	2.312242526267703
30	264	1.5356318655889976
236	264	1.4289358003396648
44	265	1.482865461172692
193	267	1.5105868468833485
112	269	2.3535701522294694
44	275	1.4132938463269937
114	275	2.271956845220278
94	276	1.359152295365822
166	279	2.4172729704265756
92	281	1.4212783632687365
241	283	1.7820112499062235
282	288	1.5019600798066008
79	289	2.4644334223073647
3	290	1.8328625028882795
236	290	1.5790777479870857
100	291	1.6459203407061807
291	292	2.1918378829459835
50	293	1.7980781429666333
60	295	2.446244046074497
147	296	1.5590788929613195
272	296	1.5160930452091073
196	303	2.6703600067724036
69	307	2.236984723108095
102	309	1.4449842472957148
275	309	5.638740723882812
32	310	1.4374021158490797
83	310	2.25931161733127
111	312	2.375443837141373
96	315	1.5465368361026082
218	316	1.2745282111421703
205	317	1.7207868013919372
83	318	1.3168945909095415
244	319	1.5396005046957222
39	322	1.482575094887837
308	322	1.6556034094267724
115	326	2.0256630160221087
275	327	1.60848175918253
240	328	1.6996577306917635
312	328	1.8680351660204173
5	329	2.2985685858232694
19	330	1.8620737610458367
268	331	1.2530515598516319
335	336	1.297332121216192
153	337	3.2072471804670033
167	338	1.8763838607273615
295	339	1.6636056058770619
185	341	2.0534327772960475
223	341	1.2329129912527532
254	342	1.6091805471447653
48	344	4.885933425239522
149	344	1.2981724209275827
71	345	1.805652857273523
6	346	2.415810302424632
45	347	1.8748674892129265
298	347	1.6447363973635631
10	348	1.7307106425542105
164	349	2.4665283743990853
331	349	3.616795070269151
328	352	5.172092870609561
21	353	2.241684647490181
298	353	1.911277404065098
15	356	1.44615292900651
90	357	1.3929738315512625
255	357	2.080315773474813
136	358	1.4901645936714536
232	361	1.4921718565504063
9	364	2.1364012744396588
267	364	1.8141316614675551
305	364	2.045509254809772
181	367	1.4000214680026304
3	368	1.9255872798746356
173	368	1.5910188209671507
271	368	2.3294082640891345
159	369	2.2181596893504523
53	370	1.6757166709643856
136	370	1.6044525472947662
279	372	1.2465502122359131
353	372	2.384984253042805
66	374	1.9995717392246042
141	374	2.237571677064266
304	374	2.2334491744811897
193	376	1.9220732989782574
269	377	1.9632126930227405
357	382	2.1616872989571467
176	383	1.9171846984282706
37	384	1.5294545351010733
223	385	2.1890687698900253
65	386	1.6805719458676007
201	386	2.06674903422154
207	386	1.9345725895608226
32	388	2.325656858461427
274	390	1.6508644751421344
21	392	1.6334167051391437
80	392	1.8991316355777386
340	395	2.214519855209398
136	397	2.347733830507776
319	400	2.3528005198482678
292	402	1.7315555841220078
368	402	2.3951920557447144
6	403	3.9061477975581895
60	404	1.2869678378499794
383	406	4.002447000018084
380	408	1.5783863930688826
103	410	2.060291494391987
210	410	1.369249416640087
323	410	2.33327147559402
35	413	5.2720388148454695
187	413	2.398727443333379
151	414	2.0752973805472408
164	414	2.4649798637216156
279	415	2.1025217360007913
125	416	2.380952499395586
46	417	2.3628715674582916
126	417	1.6695604366790802
152	417	1.7789215918182228
25	418	2.375842601778925
380	418	2.441231316777609
21	419	1.5225381383933811
55	419	1.406220356958975
394	419	1.754309374149972
56	420	1.9843370636095583
36	422	1.2578386785596605
42	422	1.5319237479184136
128	422	2.3632057348223503
187	424	1.978359083699337
397	424	1.7933812335484154
2	425	3.938270876451616
48	428	2.3075497247062344
96	428	1.7778808147523137
277	428	2.2000253758656654
218	429	1.7359448041071819
366	430	2.2142124477644556
328	434	1.6583006639628035
241	435	2.13558928191185
336	435	4.2131651692380565
210	436	1.5012330406062422
132	439	1.7776567944341557
85	440	1.4457683195040152
237	441	1.2690194084924669
350	441	3.332415480279134
313	442	2.7331884800128856
210	443	1.426309898100106
211	444	1.9121176665953856
385	445	2.4779696455491433
43	447	1.578708731904256
383	447	1.6711746557833906
285	449	1.9570255235917982
13	450	1.521079549104051
74	450	1.7498084504716265
130	450	1.9522160972880604
139	450	1.3072228537401487
183	450	2.4981018875762064
319	450	1.9060555028133246
324	450	2.2678241446332335
334	450	2.1158133284381315
393	450	1.554140228163717
411	450	1.2859979546202855
15	451	1.4957775444762753
63	451	1.6666451003991007
83	451	1.476369788017694
134	451	2.257539757562772
178	451	3.2310521875721276
201	451	2.1540835319829275
208	451	1.2058321787444328
292	451	1.2600616627975152
318	451	1.7210580222956102
319	451	2.3342570731308534
339	451	1.479399401538964
387	451	1.5912166297391774
402	451	2.3169082064627418
424	451	1.2541695245614166
11	452	1.5751057394476322
42	452	2.472864037465194
63	452	1.9706139292461176
72	452	1.5007851688888858
79	452	2.3167060771086376
82	452	1.585020597226729
91	452	1.5384918140281163
146	452	1.774466133335617
166	452	1.9387618813914904
208	452	2.32070081602835
279	452	1.8998309637258404
292	452	1.2718471826123205
339	452	1.3381390674761622
387	452	1.7701824180044694
88	453	1.910420252997505
104	453	1.6502537031175466
177	453	2.38419890347567
253	453	1.31688509173194
344	453	1.7958761269585013
393	453	1.4435547349296836
70	454	1.7611894323705295
102	454	2.022175805312713
192	454	1.9560195008550354
277	454	1.7243496580471303
284	454	2.114648705549259
289	454	1.2668436976758706
354	454	2.413481294765478
391	454	3.76093957525845
4	455	2.36765256338176
20	455	1.5929143041110172
77	455	2.0889060969426563
182	455	1.3567565852587125
365	455	2.3423045097529505
366	455	2.034872431471474
394	455	1.7221622549430036
13	456	2.196070573172402
20	456	2.1615119469411703
24	456	2.057817418614488
38	456	1.5741773047952168
107	456	1.2084008390631062
145	456	1.8887885412936234
169	456	1.6345320410291242
231	456	2.312491232664309
244	456	1.5736827714721682
266	456	1.8159970918158606
275	456	1.6881842838059415
291	456	2.1820367337710804
297	456	2.3652162345783463
301	456	2.496064122792504
309	456	1.9630762709802796
311	456	2.1548682208460646
327	456	1.6138273463014987
450	456	1.7583848026197657
34	457	2.4717668180057326
42	457	1.4902556007547503
63	457	1.4142624475316823
112	457	2.218119023721467
146	457	1.2628222592158969
166	457	1.279333653586436
178	457	1.9098279098242341
184	457	2.4426540858155468
208	457	1.9249591349489408
240	457	1.544676310794693
244	457	2.9521418363151373
279	457	2.4178452038314173
297	457	2.267301231600853
324	457	1.7205944752638374
402	457	1.6674664367014822
424	457	3.6890473711567715
110	458	1.9341953420342812
168	458	1.7612753853090966
174	458	2.180641624427002
184	458	4.372680782718334
394	458	1.3659115028922229
430	458	2.274692567909974
153	459	2.397550500261107
176	459	2.313415562769757
215	459	1.7584459592570214
223	459	2.2455319329027073
273	459	1.632584919346333
282	459	2.0676113772047695
320	459	1.3735659887037874
336	459	1.7862930881774335
383	459	2.225842839699294
406	459	2.056841020516106
426	459	2.4770687753030933
22	460	1.5664234705598334
37	460	2.134616026703744
100	460	1.8576042669965638
118	460	2.045126326103185
124	460	1.4785403810699618
158	460	2.036837168217854
203	460	2.35146541538711
211	460	1.3559672683021649
276	460	2.1780994417554025
298	460	2.105820495328588
384	460	1.6993240442416342
416	460	1.6976174561428796
20	461	2.26166727298291
23	461	1.4603807149470804
113	461	2.2337290003798733
238	461	2.0050014748323344
278	461	1.8946830417091496
334	461	2.1639834387945527
379	461	1.7881817364061576
437	461	2.2042381589188307
449	461	1.3310583696063363
459	461	2.150305085582876
18	462	2.2660108765380893
33	462	2.2493069701150414
89	462	2.262666743662985
157	462	1.5564887350987384
162	462	2.2530660642301017
187	462	2.279613578883324
195	462	1.8814026044701357
242	462	1.6388001578975104
57	463	1.9363452728992336
81	463	4.611629510620562
144	463	1.7759379991203041
220	463	1.3734080995228723
246	463	2.1900872402164615
269	463	2.3551023949445424
317	463	2.40848139684641
329	463	2.027004689193614
340	463	2.3804879541433484
395	463	2.015635074251696
420	463	1.7961071085206433
34	464	1.6391298664823015
35	464	1.5249591444063864
47	464	1.565927553618204
110	464	2.2508909976246425
187	464	1.9833991634295849
188	464	1.2677017451293324
226	464	1.4748998510247482
230	464	1.374059180695343
287	464	1.395806388688208
302	464	1.6408824010894645
350	464	1.3477164826321717
405	464	1.5493888921925443
430	464	1.897412417650307
462	464	2.1711734385177373
25	465	1.9928194489494788
93	465	2.3443913930765286
112	465	1.223118950399192
133	465	3.8918539912465206
141	465	1.4342952646317528
146	465	1.8316265217419252
163	465	1.5235132782265162
304	465	1.456410879320476
370	465	1.236396823341935
373	465	1.383606057879695
398	465	1.732288703900728
8	466	2.086126206963358
119	466	2.159560454102089
170	466	2.0269075985785356
185	466	4.037795709463878
186	466	1.9848206726169557
198	466	3.059467815330014
277	466	2.2888155095530616
278	466	2.0240507296970396
407	466	1.4783261081422943
411	466	1.6909890133594838
82	467	2.4338580669818413
122	467	1.6307909123921385
126	467	1.5941664400023543
142	467	1.61228883151589
143	467	2.155152384255148
157	467	2.018760186397075
174	467	2.336015739999551
256	467	2.1813867409957575
274	467	2.4094711845192895
277	467	1.4234360133408626
321	467	1.242778912085701
348	467	2.0847331871423314
403	467	1.626053549313803
119	468	1.9410078539770335
122	468	1.9504217773404222
125	468	1.6476150072954578
137	468	1.4918443171100424
142	468	1.317620566092881
206	468	1.8968202767706233
211	468	1.5049526473415258
237	468	1.4995374966129398
342	468	2.489104429737753
384	468	1.3055584628638373
396	468	1.9949560694470305
7	469	1.56121876726212
278	469	1.4203743077505366
285	469	1.48805473939252
331	469	1.456340643097809
354	469	2.1402941488345286
456	469	1.9036934270917527
176	470	2.103899866688737
214	470	1.592542560460719
235	470	4.278333952041045
328	470	1.3065513433898566
330	470	3.1591118793997963
361	470	1.289462782663722
375	470	2.4335192932916803
406	470	2.438022330310094
429	470	1.2169722389169673
14	471	1.5037071469783998
44	471	1.806963822361714
50	471	1.8806817592863336
64	471	2.066679109119229
78	471	2.020705727965206
181	471	1.9661946850725966
199	471	2.464931912974338
446	471	2.4182014333231887
15	472	2.496196750855503
107	472	2.2181793173868143
110	472	2.2406384944126305
160	472	2.285046225368382
174	472	2.176715731784099
175	472	1.9043656712756962
256	472	1.6620672252111492
343	472	2.2700948518301463
350	472	1.4514998022278673
366	472	3.346658042973995
413	472	1.7558994594487185
430	472	2.280897752604651
448	472	1.6488167971336556
134	473	2.450587432455871
243	473	1.3055973274687198
251	473	3.8256972829237594
317	473	1.5824476980089774
353	473	2.3387125266752093
392	473	1.7749896614315555
456	473	1.9857508874269918
215	474	2.093793556046211
280	474	1.5511819838082648
282	474	2.4829935116201187
316	474	2.4359416502592235
336	474	1.9670000641086265
426	474	4.013004164907869
435	474	1.5033015803070318
459	474	1.4991202352526494
73	475	1.7492917025608798
125	475	1.5545616383498508
192	475	1.742097782732042
211	475	2.3882426058063047
245	475	1.7390085980339496
396	475	1.7009461801114507
468	475	1.9513420968977462
469	475	1.4676388505695126
474	475	1.894211012952045
95	476	2.8433426067383163
99	476	1.3849286087297188
144	476	1.285529800561628
170	476	2.007344764718328
182	476	1.3346864520997794
200	476	2.0718815589077515
204	476	1.6413548092762087
228	476	2.224730218964119
365	476	1.5279590229255882
436	476	1.6828034040907482
25	477	4.218446151911947
51	477	1.3230637979102853
161	477	1.6964984396606475
165	477	1.7530822822063818
193	477	3.6160064328302037
269	477	2.1287893376596987
290	477	1.5825711193877678
296	477	2.021061736413846
374	477	3.810452629555683
380	477	1.2671000548356943
415	477	2.387754941784289
3	478	1.4669097667727757
38	478	1.6920064603363696
135	478	1.2735076417925641
156	478	2.214073559658969
163	478	1.346169260013402
223	478	1.635991125771794
234	478	1.3515184316723616
353	478	1.832445173122475
425	478	2.483781619733132
439	478	1.5873003273114583
22	479	1.8645907325233964
60	479	2.244765033094441
90	479	2.2642639467447205
138	479	1.9969541461630045
142	479	3.6144291930401327
180	479	1.8459687771643378
200	479	2.449861367881467
212	479	1.6146158852164914
222	479	2.3134067698275826
276	479	1.968207796043063
286	479	1.749182550174842
307	479	2.344441390671227
308	479	2.379562582241524
346	479	2.273891887875569
416	479	2.1438418213302533
444	479	1.6528907525395007
468	479	1.368493347044058
91	480	2.0576827567664413
120	480	2.1538259269797444
127	480	2.3261859772654283
221	480	1.9787133065755769
254	480	1.9443624320735151
291	480	2.362965786665425
342	480	4.079537828908092
389	480	1.9619857370178253
468	480	2.3991340129793106
72	481	1.7355053357263488
82	481	1.4554965070945869
244	481	1.2791916101340859
295	481	2.2609301919897904
319	481	2.3080059582181844
358	481	3.8776957523671856
440	481	2.0620325568811726
452	481	2.2733301304055793
16	482	3.0768671434957073
21	482	2.0125344959499247
56	482	1.214195781071993
67	482	2.1362145184879613
80	482	1.7070216544614185
91	482	1.498400393132263
120	482	1.4975713007599643
135	482	1.900059325438308
163	482	1.48816803365164
164	482	1.5155381244416852
192	482	1.666162015895535
259	482	2.392420855507765
298	482	3.7462374959061346
302	482	1.8840718082115067
320	482	1.641875818725075
331	482	1.5891893793618093
371	482	1.8341985435923482
381	482	1.3308059145561544
420	482	1.7294280490051075
15	483	1.5481719837200452
22	483	2.4362244365567944
75	483	1.2976962376859502
84	483	2.3527721442037004
85	483	1.3496698994025176
211	483	2.037393650104794
212	483	2.239556746153478
245	483	1.9355014873829983
257	483	1.7887863627132274
295	483	2.0321019154580218
362	483	2.459884085839237
379	483	1.7303603202867777
403	483	1.462428933323302
480	483	1.8892461365162356
51	484	3.4873672906723074
52	484	4.052735674032672
79	484	3.173025059588621
135	484	1.9726554049004124
360	484	1.5668092510905507
376	484	2.4261598875895913
465	484	1.7611734284799556
31	485	1.9086587441663303
90	485	2.3603417364303194
142	485	2.387909070671932
205	485	2.112659936245428
427	485	2.217507302700001
1	486	1.431925064482817
44	486	2.156618192251629
50	486	2.3089591242165834
105	486	2.2771571649319404
121	486	1.5809940991522842
160	486	1.2142157392885133
302	486	1.962136092551384
305	486	1.779703416473039
335	486	2.4660966158911117
357	486	1.4808931313556233
382	486	1.538108948935918
385	486	1.6267814894654482
418	486	1.6043018761722028
446	486	1.42394175259089
471	486	3.400142117853812
20	487	2.3909507767042735
31	487	2.2249482459482164
38	487	1.792787129293485
69	487	1.7444196202748279
71	487	3.207165964197395
107	487	2.0455473812451945
113	487	1.375271097023379
114	487	4.09859596372781
145	487	2.2336762871394527
157	487	2.487252021264089
240	487	1.2217031039032966
252	487	1.847516054854315
255	487	2.2461005478810465
275	487	2.453054056327029
299	487	1.8267961083803486
301	487	2.1277834441008467
309	487	1.800306711660323
352	487	1.444395300156259
458	487	2.0822414009358274
461	487	3.6186396659046887
88	488	4.010369523430766
177	488	1.301987611095447
202	488	1.2144323490653923
261	488	2.361225138563257
325	488	3.926272780600101
407	488	3.089319950389287
411	488	1.5710339788027465
412	488	4.293660089690942
450	488	2.1980864660077666
476	488	1.4976313911487769
29	489	2.379106262367121
62	489	2.493796101839522
231	489	1.336695505062806
286	489	2.3831609479800084
301	489	2.0681953064773584
313	489	1.5827506882619469
363	489	2.3386331312540687
383	489	1.2217043880697105
435	489	1.2192810106275773
106	490	1.7972958577262308
138	490	2.3491084116477
163	490	1.792750680852963
176	490	1.9977057573626755
194	490	1.5666245776133234
218	490	1.9346777870366223
280	490	1.8234008425522954
298	490	1.5850101724417467
306	490	1.6608814073560774
363	490	1.2156355575823996
375	490	1.6710442695905676
383	490	1.9493679385781197
459	490	1.6926740552830333
470	490	2.3500544223590287
474	490	2.0012595117284135
27	491	1.503177042946455
52	491	2.29106273896478
108	491	1.7777975975932423
112	491	1.6887591842566032
161	491	4.319623936649838
239	491	1.5303225664365947
251	491	2.3871166684139524
267	491	2.4758626652897284
371	491	1.7186725482988479
391	491	2.4244515707294774
400	491	1.9519509509221122
408	491	2.3990308337348907
454	491	1.5392770166882346
465	491	1.2641076293679065
485	491	1.76551776335858
12	492	1.4828912100360698
24	492	1.8701325217622973
124	492	1.655540434981912
125	492	1.294433110146473
137	492	1.3323032142780795
203	492	1.8787080676674477
276	492	1.6069116070116016
295	492	1.5304288918984632
307	492	2.3383880282774765
384	492	1.2513126514669766
468	492	1.6636831683006472
8	493	1.8278575337486402
13	493	2.027782844017572
19	493	1.9720207623012826
37	493	2.0436275858424664
48	493	2.223813493818009
76	493	1.804373493004316
96	493	1.3079135310178243
117	493	1.5461510792209117
132	493	2.312120661219157
202	493	1.6609139417695706
277	493	2.1834354024064617
453	493	2.359026634969185
469	493	1.8157076696532006
22	494	1.3907973014784405
31	494	1.3361414223534092
49	494	1.238247635174202
94	494	3.199577871420951
124	494	2.241131053709921
125	494	2.169215770051933
127	494	1.9660390799879353
174	494	1.973068329373461
180	494	1.619406448690862
219	494	2.4552408700717487
242	494	1.8980187640483877
243	494	2.3736136539386337
245	494	1.6566774096210057
249	494	2.4756623455659676
254	494	2.0167076475564425
332	494	2.4792049521972643
342	494	1.4855944903683087
479	494	2.109949919574235
492	494	2.2119859063615306
103	495	1.683962023670847
112	495	2.004468892657799
141	495	1.8554069830662896
171	495	1.6180966850615748
213	495	1.7919821182185398
263	495	2.285207724801137
284	495	2.4354536118792858
296	495	2.326900967120098
360	495	2.148120117580862
363	495	1.8645700270726544
374	495	1.6877877079970283
377	495	1.838183666185286
378	495	2.305255460345058
465	495	2.0462780592127485
14	496	1.9006689041810696
55	496	3.2521630523059972
79	496	2.0707643211903126
103	496	1.780038942074075
150	496	1.958114951594248
182	496	1.2690008639974764
190	496	1.9917323274382581
210	496	1.9999429562014661
361	496	1.9620235051294068
422	496	3.8783426525199642
423	496	1.6174285179688974
16	497	1.3902693567700561
214	497	1.3665926188709576
231	497	2.35245860012684
280	497	2.2764293900688624
286	497	2.2543482923168483
289	497	2.3232009697323477
328	497	2.369839445242544
337	497	2.3090489950821302
383	497	1.4415792627161883
474	497	1.7831793692132862
7	498	2.056222674160401
36	498	2.0938154359925614
48	498	1.590164904599715
51	498	2.1811164495874125
74	498	1.9907678565387505
185	498	1.6830230171985117
277	498	3.678800992605004
314	498	1.2296156012454114
411	498	1.353793506549165
25	499	2.0853461308899566
27	499	2.193897246525739
72	499	1.5128052883743095
108	499	1.2910919161942649
112	499	4.066960428870212
128	499	1.3012838932426343
133	499	2.4976499427033962
161	499	2.2479113588311885
193	499	1.8867570781907732
211	499	2.3769118340504085
239	499	1.8498256079311588
299	499	1.7436377852564022
360	499	2.4732795700555696
370	499	1.492341256732463
377	499	1.6292793670615204
378	499	1.724315424511697
391	499	2.3506696221427115
434	499	2.445689680332827
441	499	1.378123423646153
