0	157	3.426450146409645
0	271	2.3865079048120785
0	298	1.5361604759681493
0	344	1.7136991037139333
0	349	1.5017891520701223
0	384	1.290386283141562
0	420	2.373162184064329
1	9	1.7508025837854
1	105	1.3458044649804533
1	110	1.395909102025889
1	141	4.548776052603334
1	159	2.0201035131724856
1	213	1.7153437025520022
1	233	1.7694761375574073
1	293	4.688451157916547
1	312	1.7591837455695085
1	357	1.8254223928646223
1	442	2.3710529226311317
2	3	2.249069584497141
2	5	2.963637903520592
2	54	2.2083213306628595
2	204	3.770704765096406
2	221	1.7995413227379147
2	248	2.3493153307798997
2	298	2.3918941250253294
2	331	2.2266529948677465
2	349	2.4731845692459196
2	371	1.7099347897135013
2	385	2.1446479589374365
3	33	2.131840257199745
3	40	2.1374183981381583
3	138	1.3602751181125896
3	220	1.4770314161464149
3	248	2.3689225640877822
3	259	0.7396792316915242
3	271	2.0610727941312996
3	298	1.2792229152983876
3	347	1.2827074554259181
3	359	1.357299507080158
3	368	0.4461957022135117
3	417	2.431606248095978
4	36	2.0978745374292074
4	55	2.035159251179402
4	73	1.9920231842999803
4	77	2.908558688836645
4	92	1.8728889164129792
4	103	2.143453820167998
4	144	2.0893296042722365
4	182	1.774490173454847
4	210	1.5392417653139683
4	228	1.6864050986567682
4	329	1.7611502808568955
4	372	1.5459087673585974
5	25	1.560651073778729
5	29	1.7482856114996572
5	81	2.119698814169993
5	190	1.6904235957308282
5	228	1.9181911886737621
5	232	3.5986011194865304
5	247	2.2715390442056935
5	258	1.6509046468724025
5	303	2.321940582026442
5	311	1.3210247492743812
5	329	1.9916837560474379
5	376	1.3716653402090446
6	50	2.0589887390036976
6	69	2.481676782411654
6	100	1.5043347607219564
6	343	2.3046293007561314
6	346	4.273077019615453
6	409	1.5453653692562015
7	39	1.752509166108914
7	74	2.265544496857828
7	120	1.4020081166073333
7	143	1.6152271283519297
7	285	1.3123878543975231
7	315	3.4409503020489653
8	48	1.9954997530491352
8	70	1.8487176986090885
8	148	2.4970201594726174
8	183	2.488074411892732
8	210	1.368230047583806
8	220	1.4729480005815216
8	253	1.7284254015002807
8	257	2.113901428907448
8	277	1.958432135721273
8	389	3.777643316222086
8	393	2.270022078710883
9	14	1.6117136768368583
9	121	1.987521305004087
9	133	1.432438860679616
9	173	1.92726814112071
9	312	1.943874477730597
9	313	1.3669251472691188
9	364	0.4269323460079153
10	33	2.353632968660646
10	35	3.3471725982835197
10	59	1.8268039238386302
10	72	2.4307835620864293
10	152	2.3174432068229045
10	174	1.5195914217256736
10	184	2.2799481136642465
10	187	2.4772813941167735
10	188	3.9261457385461194
10	201	1.2341500783220967
10	274	2.124096002565138
10	292	1.2972298625374614
10	294	2.0886359021974314
10	348	4.172005841084412
10	399	1.9922349005059474
11	29	1.9367725663961282
11	99	0.5113699624579038
11	103	2.2015083615079867
11	170	1.4166142629023843
11	177	2.166511953136366
11	228	1.4800454358095572
12	22	2.3499433846674984
12	26	1.3315218146648378
12	60	1.3270705928795343
12	84	1.5248634692695768
12	122	2.3273790644727175
12	237	2.4058079678572275
12	254	1.656758238969129
12	291	2.167540063203858
12	308	2.3889378479755554
12	317	2.0793974230185297
12	326	1.6096597122842224
13	48	1.5522759662065169
13	185	2.486443482070384
13	253	2.4596470178014727
13	314	1.7217481145295905
13	413	2.0324448175554433
14	64	1.216936112331069
14	172	2.472901003732156
14	199	2.1918984694305936
14	213	2.0604396012396915
14	230	1.7054885923749485
14	242	1.2576455387922811
14	396	1.4536535308856955
14	401	1.849130049223389
15	98	1.558214019673033
15	101	2.4098657563957433
15	140	1.2537374426356778
15	211	1.3003353763964234
15	292	1.9531280802418176
15	319	1.7667190523793759
15	339	2.427180156202381
15	356	0.6832133203910071
15	387	1.2400515548049018
15	415	1.4412566097511228
16	40	1.2010637030000073
16	80	1.6039331700503712
16	135	1.3734044396389675
16	167	3.0126917312085766
16	187	1.3638383970981736
16	195	1.799133962028962
16	262	2.3977069984232005
16	298	2.3183789886033996
16	371	2.063715848448636
16	385	1.4690718553118884
16	391	1.7809281423741126
16	392	2.2696777885683295
17	25	1.3658520665107796
17	51	2.137675508680751
17	112	1.3230178270831234
17	161	2.1859214243199894
17	263	1.4556621952889806
17	376	1.5759369550751563
17	408	1.2530260042544201
17	417	1.6323005656025475
18	53	1.3716829055837523
18	215	1.9151363630628415
18	235	1.624772323035469
18	273	4.045557387119388
18	280	1.6779036050152722
18	306	1.2729727878647936
18	330	1.4174440787940916
18	333	2.090337315614947
18	336	1.6291586763337462
18	352	1.9185762209866886
18	426	1.4515022869850707
19	35	1.6341431710595287
19	47	1.6771224573594516
19	143	2.3102816102464487
19	174	1.4530833983009324
19	179	1.7277317590397656
19	187	2.45440493061337
19	195	1.6579842490895749
19	216	1.3829803050706047
19	274	1.2462577761239382
19	294	2.1556270900033963
19	343	2.4167414400639484
19	356	2.1669851874194714
19	381	1.699466921228845
19	419	1.7434976015087407
20	30	1.3735198553600652
20	39	4.3009577725743915
20	115	2.192700134452475
20	118	2.387083885471178
20	141	1.6807932884805485
20	240	4.137253339944532
20	265	2.2634021531028052
20	275	2.3182251657377853
20	301	1.4817908264815092
20	334	3.2424453956051718
20	355	1.9678997251324761
21	45	1.3035320140431157
21	118	3.7074360602976597
21	156	3.9829408648966544
21	164	1.7961957223922953
21	223	2.9903131971139394
21	259	1.806300222395499
21	268	2.3389996992584154
21	271	2.084704384454431
21	292	2.276164059143822
21	347	2.4964658111515465
21	353	1.9877409614825874
21	359	1.4971699406586583
21	419	1.235002243646929
21	425	1.5848149087778136
22	49	1.6424548967710977
22	69	2.27115279963873
22	125	1.293450275525803
22	237	1.4902998502828753
22	373	1.5597409430109632
22	384	1.6447006080031892
23	38	2.364458767068913
23	78	1.5926210012930535
23	145	1.7709865160932723
23	198	2.0215605392105793
23	216	2.2816546274383596
23	236	2.086097567951465
23	278	2.0924185622105433
24	30	1.9722658851461965
24	107	1.9702527003350154
24	145	1.4130431875590785
24	169	1.8135931810311567
24	209	2.4124090124102495
24	217	1.7387575656286651
24	249	2.214468865265389
24	266	2.098696529851652
24	348	2.389007141266979
24	355	1.8560536445113427
24	376	1.2285608669353927
24	400	2.1189465571425252
25	66	1.5230039650330336
25	93	1.8986810113414754
25	133	1.3467972597398647
25	141	1.2792742836662978
25	162	1.6511807578955349
25	171	4.985780152886864
25	298	1.991218456100603
25	360	2.3364807486640746
25	391	1.6216657957501608
25	418	4.385587077053538
26	60	1.764119741493731
26	69	1.2073941367448133
26	192	1.378758445423369
26	212	2.0437184458967645
26	257	1.8246771120762677
26	276	1.9645206335249388
26	359	1.7696531171686867
26	403	1.8500765135070552
26	444	2.396471375190032
27	38	1.3270596368051868
27	51	6.710390190857276
27	52	4.466104994225372
27	78	1.4516236350899323
27	79	2.3164721027476065
27	93	2.296521411405069
27	141	2.8656201113554927
27	171	1.6679172858589206
27	289	2.6014955354078637
27	332	2.464953109438568
27	360	1.5980552784578146
27	381	2.4039882666069534
28	193	4.370719459701137
28	272	2.4134007749958455
28	284	2.4355787296441678
28	332	2.0028539245119905
28	378	1.4116581187915325
29	55	1.45516242190927
29	57	1.9333795959916558
29	81	1.7719256606940466
29	92	4.615908994685985
29	99	2.1281058290612016
29	103	1.8836494211581498
29	182	1.2528086096526108
29	196	2.457155453227628
29	220	1.9896026074235107
29	228	1.6070124230810185
29	422	1.726325612992532
30	31	1.5477353823111617
30	71	1.5315677520941104
30	107	4.222304296618942
30	113	1.5043337598047684
30	264	2.9803806829605937
30	309	2.217327533312294
30	311	1.7100201646395852
30	396	2.370169892420864
31	44	1.9265632093653562
31	50	1.23989410479633
31	64	1.5695073041115002
31	160	2.039104273734816
31	172	2.1536277726988597
31	186	2.084117826361142
31	227	1.3582033199025625
31	232	1.5188225271739568
31	357	1.4311876267323886
31	367	1.619477024765613
31	369	1.9510992482497027
31	382	1.846007261757252
31	438	2.371638026025061
32	63	1.9199726276955102
32	91	1.450817493874686
32	129	3.394760344463551
32	178	1.9531619273420322
32	225	1.3075424496667407
32	279	3.679070708728536
32	310	0.5907276337670002
32	319	1.4888238291964946
32	358	2.336351077522279
32	388	0.28797010621195496
32	400	1.8905789024860207
32	438	2.445091900713771
33	216	1.5389221757667841
33	242	1.457024403037874
33	350	3.8274348180095767
33	419	1.5172020297056348
33	445	2.7215207511977892
34	85	1.676357983731347
34	97	2.338447307261299
34	201	1.7300035488309367
34	244	1.4687602159631017
34	399	1.702138703840759
34	424	2.2478973311765036
35	126	2.2554072344816127
35	146	1.6034831991672864
35	154	1.956417996264983
35	179	1.260702830579141
35	226	1.694832848391033
35	274	1.8039090828203976
35	321	2.18895919776015
35	394	1.4370069737792284
35	413	7.52407624323561
36	128	1.8559327646149628
36	174	2.472809866438672
36	190	2.135353867053409
36	329	2.4380303396553566
36	422	2.7952295790558335
36	432	2.0517683922948744
37	75	1.2284539253205988
37	86	1.4174945007428723
37	125	1.2452437516034924
37	137	1.9706884866133372
37	237	1.692733521351927
37	254	1.2396244401362462
37	384	0.14379181332259844
37	403	2.296344242307751
38	51	1.8171348857056164
38	84	2.1971131631877077
38	107	1.5699847421651127
38	169	1.7674109756142153
38	189	2.4687224681672126
38	198	2.1860853261631292
38	266	1.3139200582831978
38	275	1.2989556658186545
38	303	2.367525419209636
38	309	1.6660721962588019
38	315	2.3617056137669517
38	326	1.9169247489427557
38	334	1.3110711552955419
38	355	3.42099490891151
38	391	1.6526158311820256
38	398	3.534429577668917
39	102	4.004299480649365
39	114	1.9668633579792143
39	165	1.7522541295245575
39	166	2.42893613921681
39	252	1.3759822589147854
39	273	2.116669681693046
39	322	1.3381678745756607
39	326	1.7330331276905717
39	398	4.420525180944043
40	67	1.8082128984360293
40	163	1.5265855898715137
40	223	4.048637159911938
40	248	2.2202191728701015
40	251	1.9628508296232245
40	270	1.2461368532626818
40	271	1.540709541385223
40	338	2.256392181483881
40	359	2.1860218338919797
40	381	1.8814900467767277
40	412	1.5399135645563338
40	413	1.632478594226055
40	439	4.052698910747848
41	48	1.8853804587416478
41	74	2.108687956291452
41	104	1.7823265909278905
41	130	1.4949883523636835
41	149	1.7147436728950087
41	183	4.342032819296623
41	261	1.2253114916919272
41	277	1.88478278024877
41	325	1.7560388504811315
41	344	2.0793620517728533
41	360	2.392140181573891
42	51	2.19641210269926
42	52	1.428378317243318
42	83	2.246943985018614
42	237	1.6770649723146196
42	288	2.298904069338513
42	310	2.228962330513955
42	388	1.2251761263027654
42	397	1.9929222290577084
42	415	1.2967450853449811
42	422	3.367545367104916
43	65	2.3288746469974493
43	189	1.9957916934443491
43	207	1.4964356451350214
43	247	2.399028920999782
43	303	2.362300856832169
43	309	1.9580209536602355
43	322	1.2903723026945535
43	323	2.7072919481194155
43	391	2.357916206741346
43	447	1.1098747600835845
44	105	1.598479307819674
44	111	1.9074686866414634
44	150	1.6302349753286798
44	159	2.26078046708691
44	184	1.8283970868741195
44	199	2.11777528471717
44	244	1.3583850686656191
44	265	1.4656655672475438
44	275	2.64887074331225
44	302	4.768036602315849
44	313	1.67337678164884
44	317	2.2972900203932682
44	364	2.384317902415341
44	434	2.364127207180249
44	442	1.5904810040190869
45	84	1.4686786901505435
45	135	1.5176790367751627
45	183	1.8173182941982953
45	224	1.9963143862567367
45	243	1.9319543937940646
45	248	2.4143694305816474
45	347	3.958709145100749
46	123	4.365351869785879
46	131	1.6611121641312858
46	191	2.293473362288397
46	242	1.481907241266882
46	250	3.4335244720095366
46	350	2.7458738950054733
46	388	2.2049707599030905
46	417	0.909613193582119
47	126	1.393882444690092
47	174	2.17262957893948
47	184	1.5535480208176777
47	213	1.4593357609633748
47	226	2.362579998125115
47	250	1.269574915594454
47	256	1.6451624772331888
47	419	2.304694694340572
48	74	1.597036116957744
48	96	1.4782068814341414
48	130	1.993274832543983
48	140	2.0443373073642475
48	148	2.4023218727597406
48	183	4.126683195920613
48	185	1.8093777640863333
48	314	1.2564670565343867
48	325	1.69964640303701
48	344	6.308484448322821
48	411	3.7213782549145247
49	75	1.3904927840978507
49	86	1.9335094937229957
49	192	2.4133321325605213
49	203	1.8408885638380013
49	206	2.322593967697526
49	211	2.0931208794126324
49	245	3.5178297845748525
49	307	1.7874499168431162
49	346	1.8825410114448031
49	373	1.5071615624336954
50	90	1.6378256139328982
50	133	1.5451721147303368
50	150	1.4193557626413065
50	213	1.616508718184579
50	276	1.9443080384088869
50	305	2.4684767713810625
50	357	1.7401375313674214
50	372	2.0080869789554003
50	446	1.5266456191961852
50	447	2.407200112426803
51	112	2.3036502006196615
51	171	1.7827515369457902
51	272	2.238341649932807
51	296	1.9173993531129974
52	59	1.2779383680228018
52	272	1.3211385512570473
52	290	1.3177295673679164
52	296	2.157688943749956
52	304	3.4291438029865158
52	374	3.942758294617424
52	411	1.8545398495190049
53	112	1.5839152351783525
53	162	1.2320483762104635
53	234	2.444273056389436
53	263	4.368893253659511
53	267	2.489130842759171
53	304	1.3780155727731211
53	326	1.5921682228760172
53	370	3.5776881679065413
53	377	4.17994074883585
54	84	1.7896332675729956
54	86	1.717580889328865
54	200	1.6164548156488638
54	206	3.7807032519733905
54	212	1.502815835748856
54	253	2.2627582104914126
54	346	1.5342224911740576
54	373	1.704041430591197
54	418	1.8167883715341837
54	425	2.0702675553719834
55	73	2.405495159522869
55	77	2.0510821288815335
55	155	1.913781777390692
55	189	2.284488715772662
55	232	4.058453812600483
55	311	2.2183175051737845
55	395	2.1519979576804755
55	419	3.7068860420529863
55	422	1.948872900418438
55	423	1.45184341308988
56	80	1.6199690085650924
56	118	1.6272750254727488
56	134	2.201287116080998
56	151	2.260779820422079
56	200	1.397991657489863
56	204	2.2180568401377774
56	243	2.4310274068130795
56	251	1.9564738867087086
56	259	1.5102726463880032
56	298	1.5693179617011939
56	420	4.306403809318301
56	432	1.9492003758158396
57	95	1.9102634720304366
57	103	2.461119194511416
57	155	2.0926572445996765
57	232	1.3482007609476825
57	258	3.9752959840943145
57	354	2.388862315480652
58	79	2.384043981117512
58	91	1.7092845238206233
58	299	3.824045308079607
58	305	2.2755162786163776
58	339	2.251919910746609
59	83	2.1014956116711376
59	136	1.897990364093749
59	140	2.046156709911309
59	146	2.4256113023704593
59	201	1.5486425158344126
59	261	1.5168134009161793
59	440	2.053539281332161
60	75	4.058284454801482
60	100	4.037782579811431
60	137	1.2728416314996513
60	147	1.2175836669073075
60	190	2.3189916118011635
60	203	2.451585872413416
60	211	2.4443611860067405
60	245	0.7424500244068409
60	291	1.3959912900856313
60	379	1.5449391439022144
60	384	2.1215482052909667
60	404	0.9132792547953289
61	71	2.18245245669388
61	145	1.3127876369529676
61	252	1.673138587786957
61	278	1.5570067927450222
61	285	1.2418500985449588
61	395	2.4603746523541705
61	449	1.5935050344096962
62	138	1.316474959823877
62	235	2.076505033708987
62	247	2.3786473886421957
62	248	1.27499799600557
62	306	2.124978253028801
62	308	2.200992324691171
62	342	2.0364588224591156
62	352	2.3205358889167385
63	72	1.377746381522764
63	82	3.8982736007390835
63	101	2.1188529858314924
63	110	1.8683308981417808
63	201	0.2712148450252917
63	240	2.7784803805563527
63	279	1.346650563508499
63	318	1.923517548367426
63	358	2.313080038042706
63	393	1.5330202398458357
64	117	2.0647578931703996
64	120	2.2620558406362195
64	172	2.4855326876329262
64	181	2.1943549766999375
64	302	1.8832136846694318
64	312	4.2529910308069425
64	357	2.0602777137760104
64	364	4.544073917882077
64	427	2.357093984705628
64	446	2.1512044955017666
65	92	2.014335167913662
65	152	2.0446418274521183
65	386	1.3955172559769642
66	100	2.0555712481672286
66	125	1.6776832066941891
66	176	1.9177344711634827
66	192	2.339578564779551
66	271	1.5730394103155998
66	342	1.2485425635564895
66	374	1.7158575501048745
66	381	1.748075208785052
66	410	2.0580205898874877
66	417	1.9025227878221966
67	80	1.7161735433848646
67	118	1.4122167609946414
67	262	1.6472938962420298
67	298	1.8982210478675112
68	91	2.1055698955242033
68	231	2.0288764582955907
68	279	2.455626494496174
68	292	1.3133485181747604
69	120	2.0512909667696593
69	161	1.4766686645164013
69	180	1.4531834569928455
69	224	1.6799241186799345
69	307	4.322382194399189
69	342	2.0098793848294236
69	379	3.5784185766618126
69	404	3.865667932791134
69	409	2.161939493050891
70	84	2.4354480433352492
70	136	2.4915134505187106
70	214	3.7358047014098874
70	265	4.093625369264907
70	306	2.1525488571853915
70	383	2.4819572253051154
71	78	2.260440091568502
71	139	4.3212310261236135
71	240	2.100159153573532
71	252	1.9990974275282736
71	267	1.765612854597204
71	278	2.3140771049557847
71	285	2.0450457969475737
71	326	2.3189959513766225
71	345	1.6821879966956435
72	76	2.3229279788529453
72	97	1.9437651568071612
72	136	1.2325489294009888
72	146	1.848823454181116
72	284	2.245029202938923
72	287	2.3731536763280996
72	292	3.3640397852761015
72	319	1.4952445728982873
72	387	2.08239770150228
72	415	1.6145876625691544
73	144	2.448064730385554
73	155	2.458808520635063
73	182	1.7469898321527695
73	207	1.761594331953036
73	228	1.9577651380283765
74	76	1.6420982663276589
74	104	1.3751957433762505
74	140	2.177390753958694
74	164	2.0939758821599925
74	198	1.281738644953867
74	215	2.0878857311935075
74	217	1.992928955166116
74	324	2.014826529529742
74	381	2.170732586640221
74	407	2.093510953033104
75	84	1.900611561115579
75	127	3.2793685967035753
75	142	1.4919494705170615
75	202	1.4625347363136245
75	229	2.473108948518515
75	245	1.7264033650011321
75	267	1.5161450556198268
75	308	2.0776175292599377
75	403	2.2733116184091586
75	444	4.0565560520394675
76	88	1.8833054489602619
76	104	1.543002185428956
76	130	1.5157236722412115
76	132	3.6727080733541837
76	177	3.6595559657676593
76	183	5.775434664635578
76	198	4.131410081939549
76	202	1.7065245546353003
76	277	1.2779923724263462
76	314	1.7535069136188661
77	128	2.0510056787487656
77	155	3.619589583290279
77	189	2.9139254869180284
77	190	1.6803199736231171
77	224	1.241498462009624
77	329	1.9858940709852384
77	340	1.4570088861179509
77	361	2.3795400544479346
77	395	2.4910939265237877
77	422	1.6692672776125983
78	102	1.7520052295363988
78	114	1.6781049440627644
78	153	1.5430378585698592
78	165	2.339036658996465
78	219	2.4964820411551556
78	255	2.0035165313169143
78	278	1.3546535562526865
78	334	3.8239032454479833
79	234	2.8142613166024018
79	289	4.519488309609111
79	304	4.407859555179742
79	370	1.6468349835705456
79	374	2.342530532200545
80	179	2.1304125988666573
80	187	2.0938872688917276
80	255	1.938512998047114
80	271	3.6830055277381772
80	298	1.2073246222816214
80	331	2.0362819867491737
80	385	1.751809612668724
80	392	3.233054047808686
81	128	1.564787666607346
81	182	1.405212632026796
81	189	0.48941204389974147
81	200	1.3553208780214951
81	210	2.8571639761819614
81	251	1.3627920257758603
81	395	1.2895068874214894
81	396	2.3760359077374513
82	91	1.7942740755062005
82	146	2.1823472627236478
82	166	1.441655289676557
82	372	2.074219944129639
82	399	2.2971905077021946
82	427	1.5357768446477087
83	197	1.950581405949272
83	201	1.6801617271001754
83	279	2.455156900927025
83	310	3.8428138944280796
83	388	1.856150342515529
83	440	2.199029346611771
84	276	2.498155195582016
85	129	1.3416116733212435
85	166	1.2447673189871171
85	230	1.2900385083768238
85	299	1.8047833021816648
85	310	1.271519099380301
85	318	1.5675696472706577
85	387	2.4586076372158328
85	399	1.6140140318113378
86	94	1.7619459729011067
86	146	2.370488210869486
86	203	1.5328698725721448
86	206	1.4384641840379815
86	304	1.3046159009532166
87	286	1.3843262872458375
87	383	3.833867335810291
87	437	1.655440029427204
88	96	3.7612303329811265
88	130	1.1379499953935532
88	226	2.3795073537252085
88	314	4.1222418956109355
88	325	1.7347836945574011
88	389	2.4180044003708483
88	407	1.5036506429260772
89	105	1.8041408455874643
89	126	1.3768831184053658
89	174	2.295454458965187
89	187	2.660290240258176
89	224	1.8015346294174384
89	251	1.7055391028667797
89	336	1.466636853804387
89	417	2.3934582219682206
90	150	2.105623284328747
90	199	1.7902449328458456
90	227	1.5528964406854138
90	245	1.7065891516328346
90	306	1.6468201368860118
90	368	1.5853912745534293
90	401	1.2892810392332494
90	427	1.2022151804880403
91	97	1.2876655291661132
91	178	4.438199019275645
91	297	1.7250227177342272
91	318	1.5353687923285326
91	339	2.1294900154104535
91	388	3.6601669943127906
91	400	2.4172443679455986
91	433	2.384751566035972
92	104	1.4271674410964155
92	182	1.226704455763987
92	190	1.8211155226837112
92	228	1.6988105333694192
92	258	2.3209774862606043
92	267	1.9563331923068614
92	281	0.6969779402822794
92	443	1.4035010231122216
93	108	2.3402338523419006
93	133	1.7038095866771195
93	190	2.075391077697931
93	239	2.473556070185328
93	267	1.6452899144261035
93	269	2.0521972046480226
94	100	1.249192882140589
94	110	1.331953523702848
94	211	1.9241185508478993
94	221	3.636280431065784
94	276	0.3261630135346383
94	409	2.0317016269495003
94	437	1.5334461450650938
95	143	1.7983704742521724
95	144	1.999904297425565
95	155	2.072249872368105
95	258	1.6790703912698095
95	260	1.643670486980385
95	311	2.4428713648634157
95	403	1.6718886416385952
95	423	2.249899274501547
95	436	1.658002270808948
96	202	2.466613412391901
96	206	2.3543509369350635
96	244	0.6475919433660868
96	261	2.1398209801048593
96	315	0.8571420867268417
96	325	1.6380983215607567
96	390	1.7951252675190679
96	393	2.2746221662471107
96	428	3.477767434995133
97	136	1.7773310110996803
97	166	1.3125455916202582
97	225	1.8905744630500037
97	244	1.4165733389528696
97	249	1.51103449630684
97	387	2.395269432956348
97	433	1.2647889097751481
98	201	2.0777620120056515
98	208	2.2609035059312026
98	230	1.6252697603113702
98	249	1.6956201571421818
98	279	2.268784903838089
98	297	2.4860207109974457
98	388	1.7568352284387603
98	445	1.4200745564107915
99	106	2.0252391940272405
99	127	2.3712977347192314
99	144	2.1635957134293062
99	155	2.4255111774577407
99	165	2.3465119430703094
99	196	1.825811150749196
99	200	2.0240178318501973
99	210	1.8052953979453827
99	232	1.9431379400289595
99	258	1.6169707520151964
99	395	2.4707207431600384
100	119	1.4372110951559527
100	126	1.680123738883851
100	142	1.9605255958717283
100	203	2.365129643127145
100	206	1.9794901836701273
100	230	2.485115419750151
100	291	2.8607999650865183
100	311	1.622236332416494
100	329	2.3784594018962766
100	384	1.542185304502881
100	403	1.2523818458316653
101	129	1.5008143658482243
101	201	1.3302177545701053
101	205	2.1181492224896274
101	208	2.4356896752537036
101	244	5.136398468868463
101	297	1.8926135313360666
101	310	2.2741988098005415
101	319	2.214839235474572
101	434	2.2288402423534075
102	227	1.3605061781220815
102	255	2.157528266056288
102	275	1.6151047878716338
102	301	1.6680720965642961
102	309	0.9591032651986028
102	315	4.061280638234816
102	326	1.8240654346802054
102	381	1.6455535638978431
103	144	2.245597804128443
103	155	2.0997228036492013
103	190	4.20545638480966
103	191	1.6577451144597677
103	210	1.6545660896895757
103	220	2.449019424080764
103	246	2.260794456615648
103	281	1.377648649235609
103	303	4.002233333491982
103	329	1.63690658261424
104	140	1.9408631129948315
104	148	1.040634465763714
104	151	1.5617396468870606
104	177	2.4988710974924286
104	198	1.6826164744119336
104	202	1.7255570279439636
104	325	3.5596228333665545
105	121	1.3006347803895535
105	369	1.8605707207331328
106	111	1.8952223898948306
106	113	1.5386308723946778
106	120	1.4426509393574014
106	189	2.338234813780601
106	205	2.2687432844444047
106	230	1.2596821133063725
106	302	2.349305776696969
106	317	2.223181973895321
106	427	1.4954026099762538
106	438	2.2041772892666485
106	446	3.0681316205750275
107	113	2.1910511943425415
107	139	1.5673301272229327
107	237	1.5360729151049581
107	252	4.282278903570594
107	259	2.0509122500582166
107	315	1.9140835817412687
107	382	1.2568633679237327
107	399	1.9301720812073673
108	239	1.323836505394355
108	354	2.4982267059025767
109	126	1.7062699328336186
109	148	1.9106461960139303
109	195	0.34142006066396346
109	217	3.406849007272557
109	226	1.2624189692015302
109	238	1.4066793718593422
109	366	1.8718950318423122
109	408	1.9929667315382007
110	116	1.5531672461763013
110	126	0.6403158458117963
110	143	2.382258999926793
110	154	1.9827083642846224
110	171	1.9505245258535546
110	191	4.785207555874148
110	216	1.5012053570303718
110	256	4.228180330865039
110	432	1.636573053158378
110	441	1.9086107111584367
111	159	2.130610492678642
111	173	2.249707578963233
111	229	1.770289437783311
111	254	2.223025627899938
111	312	0.48629802532348965
111	344	1.4379641017466218
111	421	1.3591434708546317
111	442	2.328217552567696
111	446	1.3626019006940175
112	115	1.6091919928423062
112	171	2.2669258160871593
112	234	2.3252187403932836
112	239	2.3224049920284937
112	267	1.6692117919810323
112	269	3.7207237371513444
112	296	1.8886636275660842
112	378	1.7967923379126325
112	418	1.2580733117927707
113	114	2.142809358531095
113	139	3.9535318881042754
113	209	1.3674607972933974
113	252	3.960670404913282
113	266	4.353557106757437
113	289	1.9440636279752317
113	347	1.494929569145266
114	115	2.0015339889167105
114	209	1.2876293172309612
114	252	1.3934021212125995
114	275	0.7921844362428734
114	315	1.717628534856521
115	198	2.3859571842499534
115	252	1.3095148855125271
115	266	1.235942971403022
115	275	1.5827952000648309
115	283	2.3531453701072866
115	309	2.4541024054608327
115	322	1.5527366582119126
115	329	1.6316332548759247
116	148	2.417024318433733
116	187	2.0659234467888288
116	188	1.3442619072188893
116	191	1.483009471779169
116	216	1.2496676199457217
116	291	2.315190441653378
116	349	2.000939577899227
116	390	2.118886511384527
116	445	2.0529004105240998
117	181	2.115522463148705
117	313	2.114973628513528
117	357	2.124815364172601
117	382	2.220305428912741
117	434	3.64166503771545
118	134	1.4892742865821087
118	164	2.4651047749065276
118	215	1.6788181532539395
118	251	2.2827573279816584
118	331	4.10660173961685
118	349	1.588865987023873
118	381	1.3779784820877288
119	220	1.8305887858510164
119	246	1.5160295194539197
119	249	1.3224466330961189
119	287	2.192446174270155
119	346	1.5627264247282544
119	403	2.354420271790257
120	172	3.7947246610083383
120	205	2.1460932608962193
120	260	1.2370794703840728
120	299	1.6348824168601168
120	364	1.4780309659276945
120	369	2.3682601140862065
120	401	2.287260183725846
121	150	1.6764882073024727
121	173	2.215059449164576
121	260	1.3899301312982182
121	364	1.2251543128168294
121	394	2.043869442423522
121	421	1.2469667445757138
121	442	1.881441766110489
122	127	2.334274373172909
122	203	2.374088965110748
122	212	1.4943634355625182
122	221	1.8832622026727608
122	254	1.826350804118869
122	295	3.6680231082990082
122	409	1.5921472237687482
122	433	1.4209993970744395
123	131	2.367045206720706
123	154	1.6214830072835849
123	168	1.7984260257165863
123	174	2.4440208363810583
123	274	2.3069293166773446
123	300	2.0297583323270993
123	394	2.1749971948280336
123	417	1.296122088431497
123	445	1.2189595589766182
124	222	2.4636957829496415
124	369	1.477105180012643
124	403	1.2624305598603462
124	409	1.4484840226493176
125	276	2.3282060027194817
125	416	4.686718406539404
125	444	2.1732688301714855
126	133	0.38360680894958765
126	143	3.6224938472505337
126	152	1.59211618831868
126	250	2.2237717088055007
126	300	1.5439821928780624
126	348	2.0544711596762997
126	394	1.2760733613380197
126	411	2.335930564462334
126	413	2.321289456653883
126	417	1.1390418285308408
127	128	1.4310308062425865
127	142	1.6738980778529688
127	150	1.9230864655718503
127	192	1.9326210573287346
127	362	1.3276969127959584
127	404	1.8405994948466602
127	409	1.5485544840298164
127	412	1.729394811152187
127	444	2.1401781052259006
128	189	2.3111113169268687
128	249	1.8898064516056805
128	281	2.2925169039483384
128	340	1.3478450976131258
128	422	4.670401112082714
129	287	2.4157064041615666
129	292	1.2136228601543115
129	297	1.299844109524171
129	299	1.381121583665391
129	310	1.7701589481202946
129	318	2.491078018294983
129	339	4.4276507807279835
129	387	2.401577151622532
130	185	1.3193182945398019
130	217	1.64707464306848
130	246	2.509846377948336
130	261	3.26889755278812
130	314	1.2856680453522453
130	325	2.3074410223887245
130	345	1.5850466450391183
130	407	1.8639183336798595
130	419	1.2018602758358337
130	427	1.3282822774987242
131	137	1.3097016093162743
131	143	2.802768506818296
131	168	2.2565761798188975
131	206	2.477842674628598
131	348	2.2178737191555093
131	394	2.4361250055340404
131	419	2.388021379809104
131	430	2.041709438298015
132	202	1.8223288799852657
132	217	2.01384617645401
132	301	1.8786295891326281
132	324	3.1760355340978523
132	381	1.4413814877370525
132	417	1.2854271574224452
132	439	0.7472666285335549
133	138	1.9813092091027724
133	269	1.5240508073199306
133	304	1.6105915333227685
133	374	1.6030928888405414
133	378	1.836846229804115
133	391	2.0870465635453614
134	151	1.7992432067538122
134	251	1.750795010664215
134	259	0.18381240921326544
134	291	1.72755999247258
134	349	1.861214645788433
134	381	1.3930717468421494
134	425	1.3032035434787557
135	151	2.199463399388838
135	156	1.4917205855966031
135	157	2.2381813245977717
135	163	1.4747550377292389
135	195	1.92212695047191
135	270	2.3185626578557654
135	338	2.3313188779885325
135	359	1.4116444237137724
135	368	1.3642401899756302
135	425	3.2617012431725927
136	146	2.473538328255714
136	299	2.3846921883491454
136	397	4.667628252393135
136	400	1.5772981440528882
137	142	1.4284233734259408
137	206	1.6042145168404034
137	254	1.504230985862383
137	267	1.5106787105762378
137	295	2.4968046380501225
137	384	2.116037222122897
137	403	1.4038514842652061
137	409	1.5142371883477446
138	141	1.942387953018009
138	176	3.2622701231606235
138	194	1.6018604532623377
138	214	1.5030900353239365
138	220	1.3484075142096235
138	239	2.142573013797826
138	241	2.100113966531028
138	308	1.528023749497751
138	330	1.7804592026623869
138	406	1.9645406457160073
138	429	1.5803411954193987
139	145	1.653227670131977
139	188	1.5365372055668716
139	238	2.3808335762515256
139	240	2.3402850091533294
139	275	1.717059746213213
139	334	1.8582829312154685
140	149	3.3438135797711936
140	162	1.5139593601159622
140	217	1.5859349938838734
140	253	1.7469624576462681
140	263	2.3653291488231054
140	272	2.1243588202942183
140	389	1.248716384081081
140	407	1.3478877561519047
140	422	2.02777310055359
140	440	1.332250145941499
141	284	2.4566985053432
141	290	2.3722514142074456
141	304	1.782624057186687
141	360	1.6975332687153477
141	374	2.1220571058370505
141	377	1.4609208823689634
142	212	1.4842726859267454
142	327	1.5075072720242897
142	345	1.3173188674059693
142	346	1.3842834127372954
143	188	2.387125337706068
143	256	1.4210516802843844
143	338	1.8096488444735668
143	360	1.2068317243075382
143	441	2.324592311656731
143	445	1.575756316396516
144	196	2.118837847697329
144	208	1.215191198943266
144	258	1.5621746133610652
144	340	1.2376126539000232
144	395	1.7032600228211892
144	423	2.4954364092983514
145	238	1.4363538990435731
145	241	2.1535948879378597
146	201	1.3539901967813575
146	225	1.3167976023532222
146	387	2.1050844378102855
147	212	2.425184127348172
147	221	1.246350441546997
147	245	0.5030632510147259
147	296	0.33321934394209807
147	307	1.7126366124709826
147	404	1.2646911546485073
148	198	2.2428112934205844
148	208	1.8922134091876621
148	217	4.39117293604556
148	277	1.593780395701992
148	344	2.3055170122165034
148	411	1.2257995211035537
148	412	1.3353387366349887
149	185	1.4907674227150989
149	198	1.539399720320815
149	325	2.0295001816008105
149	344	1.0676167682696953
149	389	5.716210776194305
149	393	4.535837156519795
149	411	1.9595546332873508
149	412	1.6850022388421233
150	172	2.1242362250309226
150	302	3.3407642292368323
150	305	3.9380847252054307
150	312	1.6914561699098511
150	317	2.203637410089476
150	447	1.9074055711376605
151	222	2.095879568167426
151	223	1.334463875328675
151	274	2.255092398768188
151	320	2.1690668028732665
151	349	1.2460362644384164
151	371	1.3590507166241435
151	405	1.6956108304036617
151	414	1.2386432327039925
152	220	2.419707427795265
152	226	2.010264257880446
152	286	2.4212720345790557
152	294	1.549086674866078
152	350	2.1319888037739467
152	405	1.3846988059927265
152	417	1.0985198927206798
153	235	4.1880296529643894
153	241	2.2846841838897967
153	256	2.4562528651705384
153	280	2.0933224204191294
153	286	2.2205996377342347
153	308	1.7563390280653306
153	320	2.2107383787466857
153	333	1.3185360289980537
153	375	2.143201698135385
153	429	1.386354801709663
154	174	2.468923817087669
154	191	1.4263887918983649
154	216	1.3308873360182496
154	250	2.371377671418257
154	256	2.3615903483447545
154	321	1.6736101406483037
154	357	2.307942220359736
154	390	1.2100083347734065
154	417	1.5183586557385444
154	430	1.6199747704155407
155	189	1.9746873236409663
155	258	3.586303669945827
155	303	1.752599682589605
155	329	2.112408112035837
155	350	2.1783460727452852
155	410	2.0501324350750756
156	164	2.2363175113372047
156	251	0.535674745311183
156	270	1.839668479553203
156	271	3.8684965134722025
156	331	2.1631979886434625
156	359	1.8916651554048327
156	368	1.8956546101078882
156	371	4.748373150039811
157	248	2.389353168313235
157	262	1.7281949828041099
157	347	1.2903868858361554
157	371	1.8933533151971278
157	381	1.7906429603222556
157	392	2.492209280868463
157	429	1.6871162277480556
158	221	2.3546732898204112
158	237	1.396417621239949
158	276	2.040465116013967
158	303	2.2281606307701143
158	384	6.595420841876954
159	181	1.9511371765673435
159	305	2.4571040449923824
159	369	4.47568456099642
159	382	1.5905288198016958
160	172	4.250208991967506
160	205	2.2100695759462705
160	357	1.388916503335158
160	364	2.491963095306038
160	412	1.2066822094386198
160	446	1.2182682415195643
161	162	2.4103173815835213
161	167	2.2028083414619695
161	239	1.269799503925712
161	284	1.370536819923225
161	290	1.9000538399699132
161	360	1.3976433847122116
161	378	1.9852802722868288
161	380	2.1535557805248744
162	169	1.7817589308453026
162	263	1.3111647828280488
162	272	2.0468781217997787
162	332	2.884065076698839
162	374	3.0175463893153296
162	400	1.2895061310984912
163	164	1.9414907339189216
163	204	2.017456059395108
163	338	1.5488009570782668
163	420	4.006194719695419
163	439	2.4192411588562512
164	223	1.2186750245950309
164	233	2.445081216296516
164	246	2.430046528881525
164	259	1.483108293640687
164	271	2.420485814233845
164	349	2.10971826451231
164	405	2.3293137910951525
164	414	2.3548849698109544
164	416	1.8532372210478958
164	439	1.5233632935342385
165	219	1.4443475265017869
165	238	2.228201706625675
165	252	4.347397284457797
165	255	2.2344256481577194
165	285	1.6199429944123516
165	311	1.38358834825835
165	322	2.2666371337937665
165	334	1.4205554224170402
165	345	2.3598540489405666
165	361	2.031669928406095
166	201	1.3125518260520095
166	279	3.869998470328083
166	310	2.382527538425416
166	315	1.8469739852646176
166	402	2.33279419902379
166	424	1.9488793390271284
166	433	1.3662569148789574
167	265	1.9907867096167033
167	270	2.2216787851775406
167	339	1.4583538094205732
167	349	1.2058562694441313
167	385	1.453892336729514
168	184	1.5793919605624578
168	191	2.157278363132399
168	300	2.2398101196413123
168	317	1.2695364093274035
168	348	2.1496161834936656
168	356	1.7857108682267282
169	309	3.7517606822417973
169	326	2.003166185400816
169	341	1.708943278836987
169	345	1.7508645014910686
169	429	1.2784481937774965
170	182	1.994256798156366
170	207	2.4476514028335288
170	232	1.5225580945983777
170	318	2.2450685950278535
170	340	2.157432334873124
170	365	1.2025890239177746
171	371	2.166202506990559
171	426	1.4044603622197283
172	204	1.3426077116103268
172	228	1.942779048666874
172	229	3.8499953789463763
172	230	2.0223220901689443
172	293	1.2162687135714851
172	305	2.164971882909181
172	317	1.6821335778600934
172	382	3.6584913535513452
172	438	1.2808911494544948
172	440	1.767272174421602
172	447	1.7038704170788685
173	213	1.4373956448608118
173	265	1.286935230988159
173	305	1.2443924928311179
173	339	1.876313031453138
173	363	2.2679691943293343
173	434	1.9083853716102022
174	247	2.292684499319733
174	256	2.2084096515411136
174	390	1.5851257044017915
174	394	3.4345221998970157
174	445	1.3594717642294676
175	195	1.8107433523215637
175	242	2.1639008953129375
175	256	2.3946028348053825
175	343	2.181272354119654
175	344	1.582539665089599
175	405	2.2581116358403976
175	413	1.8913815641092515
175	448	1.8286752520646101
176	214	2.1193254372110135
176	231	1.8352005797154303
176	306	2.288511091777969
176	316	4.573021755444426
176	322	2.207179751074606
176	330	1.5816094152534503
176	336	2.0679492870067824
176	337	2.2634306540741607
176	352	1.767928704891228
176	383	3.566768189316414
177	202	3.7135618130719035
177	277	2.082083802609202
177	325	2.169070527187049
177	344	1.511163453846784
177	412	2.9128625946265334
178	244	1.8122766963029449
178	279	1.9415375385656113
178	310	2.267925690625964
178	339	3.832636996162309
178	389	1.4800156484597236
178	399	2.242605054352123
178	402	1.842717111849789
178	437	1.643931185649166
179	184	2.126835901128155
179	224	1.7852110760590143
179	226	1.4902535030204043
179	242	3.7889631342788217
179	256	2.216122464610456
179	294	1.7088431172534178
179	350	1.814240426871283
179	413	1.2752411542682276
179	421	1.6760535610730898
179	445	1.2419200631627387
179	448	2.163818289273582
180	192	2.4337583050167026
180	221	2.3387998264239718
180	222	2.020755457781058
180	244	1.4748089641618947
180	403	3.722530379416031
180	409	1.5199727843168356
181	213	1.311388198535503
181	302	2.4770422351640287
181	364	1.7759775211034867
182	189	2.440842334164195
182	196	1.3667605372304057
182	200	1.620897896157933
182	311	1.94993772656336
183	217	1.2398625956024096
183	286	2.361650610658021
183	338	2.2277834103815612
183	389	3.2950345726176176
184	189	1.9590870155310118
184	239	1.6033036183295746
184	269	1.3361038276981505
184	284	1.654019838167517
184	394	2.495689900809366
184	419	2.2608047629591255
185	202	1.2396253039636136
185	325	1.9212402289426216
185	344	1.5701108922330436
185	412	2.198591134645488
185	418	1.7354911928521135
186	193	2.447835183721338
186	267	1.5878027811723419
186	272	1.219685231538536
186	289	2.0907051228305846
186	304	1.3790930769849086
186	332	2.089883438477377
186	360	1.3639503031763514
186	378	1.6518316454789377
186	391	1.5453808582873325
186	408	2.2787691687347866
186	442	1.5188514598729435
187	188	2.449366783418183
187	191	2.905321312573097
187	216	2.132681128371022
187	405	1.5317988589696765
187	413	1.0228648998315306
187	424	0.8200858534982282
187	430	2.091941710162568
187	448	2.2078455758924393
188	202	1.6207932244358711
188	223	3.6766979851347945
188	304	2.0574531477405325
188	348	2.089355516914199
188	419	1.5775717271921161
189	207	1.425881776138602
190	220	2.845431900324536
190	302	1.6478853561853257
190	361	1.6155499937117084
190	395	4.12979788375705
190	436	1.8534021397647054
191	216	1.9287756487355452
191	226	2.2335430044478892
191	256	1.880295022773287
191	343	1.953405739630091
191	350	1.3829012534592218
191	430	1.7661298909891912
191	445	2.3927523359536145
191	448	1.5324967461632641
192	221	2.1636935689996806
192	348	2.3846585874423996
192	403	2.123856126140067
192	404	3.944631116155251
193	272	2.086942856477614
193	284	2.203995493978491
193	290	1.8786143517332468
193	332	2.6804666422747254
193	376	4.4026914896842815
193	431	1.2248369663097867
194	231	2.2805701731092354
194	316	1.2083848092146745
194	333	1.304729228229186
195	226	1.2409281112442858
195	300	1.4183281594269557
195	372	2.222298772749478
196	228	2.0872484951902064
196	303	0.23962886691445065
196	340	1.4246681073783052
196	396	2.142433612075931
197	204	1.2079804532659537
197	218	1.946999229537197
197	288	2.2219177418077676
197	308	2.3872766957266576
197	328	1.2587838752988592
197	352	1.445291756225061
197	375	5.264686575243295
197	426	1.7175617889529793
197	435	1.478409768369819
198	202	2.0385958519423024
198	252	1.4291089973937838
198	253	2.198412779101628
198	261	1.2850502518025713
198	324	2.2963540706938623
199	232	2.2869803920598626
199	295	1.749940554847641
199	305	1.280723196154691
199	357	2.0557702354886165
199	359	1.7782149547309634
199	398	2.378419030047639
200	207	1.8611731538105682
200	212	1.8188209743000248
200	220	2.3309033873928118
200	281	1.4042767356968229
200	314	1.3567613621566332
200	323	2.0410425956559872
200	386	1.7685442767776796
200	395	4.725489855631034
200	422	2.4117109296950185
201	258	1.3490195712400248
201	285	2.1164565837604474
201	297	1.8552996125196395
201	318	1.2899550745609685
201	358	2.0266335759933103
201	431	1.8807708553752582
202	389	4.6673893141258915
202	430	1.3841948733248621
202	443	2.4026010031592158
203	222	2.148261941621286
203	379	1.9532168962298069
203	409	1.569420402305313
204	243	1.4969577739118314
204	259	1.7510235410067563
204	262	2.177972983460644
204	264	2.314920848555218
204	338	1.9002045809538177
204	349	1.907432735148599
204	410	2.34096048149737
204	425	2.3597039936118818
204	432	2.4098935648549835
205	225	2.027419911803439
205	242	2.9770573952355495
205	317	3.161866146067731
205	434	2.4286871306239988
206	212	2.2852712378794613
206	362	2.1336412693199005
206	382	1.5048322782628765
206	384	1.7413097511136144
206	444	4.13860041971549
207	232	2.225280169365549
207	246	2.191191535743023
207	247	1.8403648833491086
207	293	1.9620217570797889
207	329	2.3423427914290733
207	386	1.7292267183514993
208	279	1.3270949449454985
208	299	5.290243711893659
208	372	1.5776472922214462
208	397	1.3830537485228453
208	399	1.5471397744889792
208	415	1.4918638606578867
208	424	1.7165843530799334
209	238	2.0919196627110774
209	266	1.785471931131302
209	285	1.4434950628233791
209	310	1.6821070370454343
209	314	2.3480698749487385
209	326	1.2496813037277978
209	449	1.4919080374351186
210	247	1.517659148836933
210	303	1.8376840959817176
210	311	1.6087654947822756
210	360	2.429324069179773
210	361	1.4514842262580694
210	386	1.5519822883266838
210	396	1.3976429599553715
210	410	0.7640897848885083
210	436	3.6834354394001174
210	441	1.8586990911864056
211	255	1.5287542866798556
211	289	1.2820156868558827
211	295	1.9798318372917634
211	308	1.917684674880463
211	348	1.5446333716010838
211	371	2.334511659326607
211	379	1.829832939774614
211	444	0.7153913283900202
212	222	1.98871233781336
212	416	1.9439452820431897
213	312	1.903969437373115
214	215	2.225404870111486
214	218	2.2607692243477
214	258	2.1952855232580673
214	273	2.4463478417316207
214	335	2.2446087799598926
215	231	1.9826196328545436
215	235	1.622930166127833
215	282	1.5395209111189736
215	333	1.8538864832031061
215	335	1.638301304386197
215	337	1.8043318760837448
215	351	1.4991686052802842
215	376	1.8872822644158058
215	412	1.6326314184674435
215	426	1.940125348676109
215	429	1.970421465738768
216	233	1.2874794881626688
216	242	3.359088252319161
216	300	1.8494222337903827
216	366	1.5702849863671713
217	233	1.6300145650254936
217	247	1.4938869204095435
217	261	2.2676691592768314
217	289	1.7118172931496107
217	314	1.9926199788627592
217	344	1.4959773244987404
217	407	3.6953481722878267
217	411	1.3426213404101488
217	440	2.4938377322004692
218	241	2.308009292903061
218	273	2.8419479972363577
218	316	1.0355501682516912
218	337	1.339319569129518
218	429	0.5844029298415555
218	435	1.2367476088612712
219	264	4.4774089821271215
219	275	5.973764742768792
219	298	2.1057043757779232
219	309	1.7838078508633735
219	327	1.730182766861787
219	396	2.188204195966263
220	232	2.2279477445846663
220	247	2.0563349636518202
220	281	2.306649824062725
220	303	2.185201559430949
220	436	2.237316781176182
221	245	1.2478321498539013
221	348	1.4640978617263714
221	371	1.8441674101087315
221	403	1.9189146385359321
221	409	1.8334301267293283
222	237	1.89476852175641
222	262	1.9007287779549111
222	307	2.148300348826633
222	346	1.2510038826677017
223	262	1.9226790309128496
223	298	2.4811667585426775
223	341	0.19149254024945273
223	414	1.427496487917645
224	243	1.3131798550770788
224	251	2.2491276584008446
224	270	1.9312810740509694
224	340	1.980299255189905
224	392	1.4750763745496815
225	230	1.4247970676634207
225	287	1.4890542591172111
225	312	1.9712878941007819
225	387	1.2737449324161771
225	402	1.6549438029196928
225	424	2.215465624649597
226	245	1.5002693921321837
226	300	4.396123680201984
226	419	2.297734637816861
228	232	1.713270328783582
228	276	1.7369836462286257
228	281	2.481922707956458
229	250	1.2462430087234408
229	432	1.8145552721366986
229	442	1.6892321411365478
230	260	2.2383636208111755
230	302	2.1209664081810726
230	357	2.3793262024768205
230	364	1.985692506396929
230	382	1.6868528433673904
230	401	2.1357069129730997
230	446	4.914484712725406
231	235	2.147393087465671
231	280	3.6523270119317575
231	316	2.4285718277350212
231	328	1.4840253041767162
231	429	1.3499194559676064
232	246	1.6749771394768809
232	341	1.2734362359596556
232	361	0.574159253481863
232	423	1.8083907603430684
233	245	3.628261205691584
233	302	1.891892379975343
233	317	2.3286757428635143
233	394	2.111785205620629
233	443	1.3972099039007657
234	332	2.1656446497961204
234	370	1.8753890951239258
234	395	1.2268587992072084
234	402	1.3513454353280678
234	418	1.5112702597119712
234	431	2.0229524837344885
235	250	2.0000204611147243
235	306	1.4735369464414472
235	319	1.5124106982596834
235	337	1.3546647657287147
235	351	2.4518333965565224
235	352	1.721609382098021
236	264	1.122856389595844
236	370	1.8285531165442186
236	380	2.3206558599915628
236	410	2.469936589663381
237	276	1.699739477861533
237	341	1.773842758329422
237	379	2.2958677634887126
237	404	1.899672939089157
237	441	0.11683358202632954
238	240	1.48303891227937
238	255	6.078792284991394
238	266	2.354576148961481
238	275	1.312675981455463
238	285	2.343909232663445
238	301	1.4732378269633042
239	341	2.1467781027251096
239	408	1.4395868620866168
240	252	1.571306639432283
240	283	2.4097276819703852
240	301	2.1368248841846533
240	328	3.3015480770008923
240	364	1.9749963047940002
240	398	1.7469554142301429
241	280	1.4589908210858304
241	337	2.4175941020071314
242	350	2.342862854331872
242	394	2.2735296581138407
242	421	2.100426352198923
242	441	2.043686786235758
243	322	1.9360209165972997
243	348	1.3156740710140036
243	359	3.4650146120274252
243	385	4.416240538830078
244	283	1.6532332789168462
244	299	2.42911212149855
244	318	1.9728859142024668
244	440	2.1766544930247376
245	291	1.8161442692553145
245	384	1.7432999372761593
245	417	1.656137492098292
246	259	2.3994377644409113
246	281	1.5662532081868212
246	336	1.443599728496693
246	395	1.2723780744622277
246	399	2.364918252256383
246	406	2.270804796326285
247	341	1.2217637376520984
247	422	2.0195172012031732
247	423	1.8838427912375502
247	435	2.3525677229106905
248	268	1.2550148548961646
248	319	2.2091466374059205
248	331	1.996260051956097
248	347	1.2476896469554002
248	439	2.1912360202501207
249	292	1.930168201896763
249	318	2.3356173121536843
249	397	2.1697478056126815
249	433	1.5868137787432381
250	321	2.26577980160528
250	379	1.6672648572290842
250	390	2.4450941747581894
250	443	1.810831593970596
251	381	7.095573111379399
251	420	2.1702743427994156
251	432	1.448993338275416
251	446	2.313760220099544
252	253	1.6332084700055975
252	283	1.4816357042703132
252	311	2.400685779835192
252	405	2.440831732660463
252	434	2.1400579637663615
253	257	2.2749180452170163
253	261	2.3370547472576475
253	314	1.4259692250382714
253	344	1.4486498795559697
253	393	1.3049226746360079
254	291	1.3392837211667612
254	295	1.545908758858812
254	307	1.7033864280825775
254	342	3.8108443617943375
254	409	1.4016242086197248
255	278	2.148260690256262
255	309	1.307420167085332
255	334	1.6646190862176917
255	364	2.4169009396849095
256	274	2.2055927055647
256	284	1.735417324828433
256	300	2.314233267834319
256	348	1.2486052752849812
256	441	1.9893478247363263
257	260	1.3424126800075573
257	379	4.3951134322548455
257	409	2.2123995966980106
258	281	1.686449002787024
258	303	1.306220496212435
258	311	1.204716901199037
258	410	2.0233483529009435
258	423	1.828438981120144
258	443	2.337557113624988
259	270	1.9619964226713311
259	349	1.790497683414145
259	420	2.273133517545736
259	432	4.4558192606211176
260	302	2.210208579703508
260	367	1.8668325860134019
260	438	1.3441758946411153
260	447	1.5191857510506215
261	314	2.1381823095614756
261	324	1.5706027779000529
262	269	1.5213431514228644
262	270	1.8447872503596079
262	303	1.3664160324481749
262	368	1.696912774602359
262	392	1.9125968409793597
262	414	1.6142931229426019
263	284	2.263002444634568
263	296	4.290612791436761
263	354	1.335730404491986
263	380	2.0045972212498073
264	266	2.110811657645922
264	334	1.6751173162368822
264	366	1.8503426987360476
265	280	1.7154255123140285
265	288	1.5739169978269856
265	316	2.4122232954286655
265	330	2.1450133161627933
265	413	1.2198785788063073
265	418	1.3842248982978749
266	283	2.2742585786624154
267	364	3.5169331472696213
267	376	1.5187512723649685
267	408	2.481955576669539
267	431	1.6586023699062449
268	331	2.703533471550676
268	415	1.2761003070324173
268	425	1.8097274138790245
269	377	0.10219883978179523
269	408	1.6395034602238379
270	316	1.9377624033653131
270	326	1.247450084392341
270	385	2.497032197882615
270	432	1.9288131503222683
271	300	2.331851459134363
271	330	1.7993260021624864
271	368	3.6487888104725847
272	296	0.147737615711942
272	313	2.1050817215075517
272	370	1.2836434189846841
273	351	1.3465857696826316
273	352	1.8143733123112933
273	363	2.1198339983002152
273	406	2.1655480529851334
273	431	2.3392657663505525
274	280	1.6069954434703781
274	356	2.4681492499736155
274	405	1.8235860559004071
275	309	4.494251342852761
275	322	1.3858055811452024
275	345	2.4747976911440928
275	432	2.005888941973456
276	291	2.1014637336279893
276	342	1.8413762906501483
276	346	2.2856508668033624
276	379	1.9565369005014075
276	416	1.9772993849702698
277	393	2.3068733007488644
277	398	1.6519566826847683
277	428	1.6106536136812535
278	315	1.2232240168105182
278	449	2.349473001790713
279	297	2.092396487789129
279	310	2.206452307204674
279	342	2.0627228589462177
279	348	2.0061034178030024
279	372	1.183840838172141
279	397	3.3921100493535405
279	415	3.3693277864286086
279	433	1.7179079746691448
280	286	3.2548447415473643
280	333	2.4691008757041524
280	363	1.3141707099433446
281	303	2.2754239378459125
281	311	2.3889282109993304
281	395	4.630948142832433
282	288	0.8853764339521866
282	306	1.2260113592345205
282	352	1.2740067018214745
282	375	1.8431887710364285
282	391	1.9176589242704387
282	426	1.2589016226799323
284	377	2.46464081774654
285	287	2.028512645861624
285	313	1.9117693083837755
285	449	4.054339639735882
286	306	1.316766397126566
286	333	1.5526453354421417
286	352	2.2466730995605477
286	363	1.878085294493718
286	426	1.4859558356820268
286	430	1.5713123454612588
287	292	2.022194242015154
287	339	1.9073053250728706
287	387	4.300552110098993
287	400	1.3541567199119307
287	437	1.8310607422864604
288	308	2.128441442928287
288	330	2.1684066532417323
288	375	1.6744387450629141
288	426	2.047990815956399
289	296	6.473107852349875
289	304	1.7509335067223437
289	391	1.2233543485407319
289	418	1.6936023421559847
290	360	1.6019419572360072
291	404	1.82466569140181
292	310	4.082722088658481
292	339	1.6961205150557197
292	358	1.8679409761462198
292	400	1.503171419527935
292	402	1.1509477776945334
293	332	1.3100220232814317
293	369	2.2691270992052073
293	382	1.4229619538435139
293	427	1.2101949758836346
294	348	1.9766957203874922
294	356	2.324558444385567
294	417	1.6339021739851882
294	441	3.515159511729734
294	448	2.3347446114426753
295	307	2.229011682707789
295	339	1.0032960260510848
295	346	1.7956758201606975
295	373	2.1411107328264265
296	354	1.3323545748413117
296	380	1.4918447971617321
296	408	1.4628186352703167
296	419	2.499246073532282
297	299	3.911292770029764
297	332	1.3703623492808548
297	397	1.671535217724046
297	402	2.1757692769598336
297	415	1.2365758099560074
297	424	1.7308312811481184
297	437	1.8679195060375202
298	347	0.8991013002195225
298	349	1.4098636562611953
298	353	3.7826039796995623
298	371	2.4000729608871296
298	420	1.5210325894592678
299	440	1.6136552321391517
300	348	1.3143770041578025
300	417	2.3872660668652053
301	327	1.5594777918873803
301	334	2.310862413224404
301	345	2.0087246581275795
301	355	1.2798105642469715
301	409	1.9153174141146156
301	449	1.5755741959638876
302	305	1.6514502038480652
302	357	2.1494989259703634
302	385	2.3050765726021907
302	417	2.193567279804988
302	438	1.483041642302588
303	311	1.642863629958406
303	329	2.0751293735147462
303	396	1.2965002693432113
303	410	1.6011120593517607
304	370	1.4178520992549344
304	391	2.147722324816261
304	408	1.6955604612943929
305	364	1.7127803967067752
306	316	1.2562818748754672
306	328	1.91656735037289
306	337	2.1729856992553125
306	383	2.0793082745818077
307	444	2.2716864760528455
308	322	1.5585446301981531
308	406	2.3678179745837324
308	429	4.2679286283862705
309	326	2.886677607431422
309	334	2.366276065690853
310	358	1.3685975794041962
310	387	1.471436799563989
310	389	1.2712476658478904
310	437	1.8727754015707192
311	361	2.1696271429864926
311	365	1.3671446102586735
311	410	1.4119300084169017
311	436	2.1248504874788487
312	357	1.7513515633081909
312	369	1.3955584998287844
312	386	1.8059435874213614
313	382	1.984865949651267
313	413	1.4716632495135085
313	421	2.4881551942564317
313	442	0.9087963469623948
314	321	1.2931781407334975
314	325	2.3068123366674613
314	344	1.722887929514058
314	417	1.8754695375067463
314	428	3.4168045327024865
315	322	2.3552698436879123
315	332	1.9982614703313
315	355	1.2698384996995804
315	398	2.482052544343144
315	409	2.2038590887042275
315	445	1.223122204362212
316	406	2.4546770360962125
316	429	4.378170463892815
317	366	1.822928740675614
317	395	1.2299451856726014
317	438	1.5765908786868599
318	388	1.9274327170644527
318	437	1.267874535293993
318	440	1.5035131818563434
319	358	2.412718754408958
319	388	1.2332818350194554
319	397	2.1478027975228384
319	399	1.9817776093900052
319	415	2.179345421291677
319	433	2.179957546751786
319	437	1.6609340746767414
320	333	2.223827156876764
320	335	1.497588261710798
320	337	1.3928277291480649
320	363	1.9451043994762254
320	391	2.0991991994013044
320	435	3.8156733586392138
321	448	1.4063299705656322
322	327	1.8027831116391684
323	410	4.747955254677007
323	423	1.8427314763212659
324	428	1.9987971913702398
325	373	1.588885232799477
327	345	1.6336100868301167
327	449	2.02453144718674
328	330	1.2397206953931401
328	352	2.9640583968106986
328	429	3.6740469235967
328	434	1.1312342982586587
329	423	2.1290482670765982
329	436	2.001607098998262
330	363	2.3224585337812194
330	406	1.4144148725669883
331	338	1.2681716141497184
331	349	2.5375369523319176
331	414	3.5269679294789507
331	425	1.5311029713705566
332	391	1.9501001205819648
334	356	1.728718207581492
335	336	3.1847453338435407
336	352	2.07702351786167
336	406	2.292996093728332
336	435	6.1218520435308506
337	366	2.2897315768153854
339	372	1.254195938587047
339	400	3.1918232281903176
340	422	1.907932014140366
340	423	3.863195390104036
340	440	1.5297702998345566
341	382	1.4183763406596945
341	410	1.5852841420995951
341	449	2.1262838636951864
342	368	2.3794977680399905
343	390	2.4475342551307566
343	405	1.799438805386581
343	445	1.4057977289199308
344	422	1.3498066332574137
344	428	2.8342943554905675
346	403	1.56066712441224
347	385	2.238718718521623
347	420	2.1861746968914777
347	432	2.3331452664206696
347	439	2.270260573694233
348	356	1.8699776254736236
349	353	1.9122413103681961
349	368	1.4262306908493472
349	392	1.4397276183938574
349	425	1.871993482600491
350	366	2.0866270145398684
350	394	2.2712978803976323
350	441	5.572034596392473
350	448	1.480077782272883
351	435	2.431700247458798
352	389	1.6696990974073533
352	435	1.5651096389769767
353	359	1.886813670228292
353	371	2.4081984179801004
353	372	0.7650977127615196
353	420	1.4839638801503683
356	366	1.9585456186572672
357	367	1.2285259772217791
357	369	2.152437045988863
357	382	3.393804631361134
358	388	1.2347412596557488
358	395	1.4369363701478806
358	440	1.6395446516637255
359	381	2.394176198832214
359	425	1.6531323566064786
360	370	1.2248613539171458
360	374	1.6001265106093627
361	396	2.432985704842838
361	436	3.4840256353274044
362	364	1.3044750508664331
363	380	2.1999070398469045
363	401	2.2195049397681377
363	435	1.5409436143090625
364	377	1.4494397918227047
364	446	1.4000772000659896
365	395	1.3158888815313445
365	410	1.2137030947147132
365	443	2.1917410635527146
366	405	1.6380169462489518
366	427	2.2332518068099594
366	430	3.631223140352044
366	441	2.0384848104155227
366	445	1.6552952527704454
367	442	1.7360001631527056
368	371	2.1455640004005083
368	381	1.8606862607566261
368	385	1.846368102810744
368	425	2.0291929195575724
369	382	1.2395515909143318
371	412	1.9083830159892516
371	423	1.647814349791495
372	433	1.832271207260193
373	409	1.4624049733913589
374	380	2.035565721569081
374	418	2.1657380942786317
375	441	2.4358895517631276
376	377	1.3482998643054316
376	418	2.4087602750212636
379	409	1.7822338761430434
379	418	1.294474741704341
380	408	3.3007501579382064
380	412	1.852807755974605
380	418	1.6677485901308555
381	423	1.953477533123746
381	439	1.4706009287843336
382	421	1.9421657235843173
382	424	1.2949930258315292
382	434	2.406873245241333
383	406	5.261803338811318
383	429	2.3710444140201674
384	444	1.4187743301004558
385	445	2.446493018455935
386	410	2.142361418098954
386	443	1.4677827638319179
387	397	2.4825643618211632
387	437	3.5577548833143884
388	397	3.037447995266162
388	402	1.2769586156707475
389	407	2.1227160290230667
390	394	1.3796482732676445
390	413	1.8282208922732677
391	431	2.0696487698604216
392	414	1.6253890034572045
392	420	1.9972982225959675
394	413	1.699658340820149
394	417	2.3446980512771773
394	419	4.035974562822807
395	429	2.026647713697394
396	410	1.3800163599369861
396	422	2.6893805846456997
399	433	1.4846729533276195
400	414	1.2697062678509499
400	433	1.9428516923107428
400	444	2.2571340227324552
400	448	2.3379093571140195
401	421	2.4251922827201273
402	433	2.2948217459165337
405	438	1.3749752217038382
405	441	1.9065071697942342
405	448	3.9810479074363148
406	428	1.5711439250261303
407	411	1.7223151735185822
408	431	1.7038149348591898
408	435	2.1192161306657407
409	416	1.3132519913932732
411	425	1.5088746737473286
415	437	1.2485669756639224
416	444	2.404197631805453
419	430	1.7864259412556516
424	437	1.8920856788500329
425	439	1.4567411659054401
426	429	1.5008206797241581
430	441	2.028474496680211
434	438	1.2226044312595394
437	440	4.281566720991984
