1	54	2.3188851348448423
17	56	1.618251518501077
3	71	1.211629385014201
62	80	1.9723043576417454
72	82	1.5180552494584991
81	82	1.2040111346376283
50	94	2.385108756941099
43	96	1.7241298097985331
42	97	3.7683556231459288
0	100	1.7293599486607238
19	104	2.4364933013683725
19	117	4.337705456648191
98	121	2.1247756328151226
42	125	1.324505600004516
62	127	1.3809670211981644
111	127	1.3795560351407852
119	135	2.0453831354084575
20	138	1.5033179182201108
33	140	1.5981557277358256
63	141	1.6897430425784234
19	142	1.2763563744346156
9	146	2.3294643938358695
124	147	1.6720346001894972
42	158	2.3361584580749044
108	159	2.0999931929334057
105	164	1.378539027592832
43	171	1.871743510694952
111	172	1.4610988853865232
142	175	2.1113447905968714
97	176	2.2486762676881504
105	177	1.395959449116042
109	177	1.5337215241856075
143	179	2.498691172579381
88	182	1.965149178408912
131	183	1.6764998373786884
26	184	2.1668888327803497
27	187	2.134569068572212
113	189	1.6041424173089323
30	190	1.2385828914819081
173	191	1.2801539207455401
61	192	2.2628075848191354
187	196	4.382452544376868
97	197	1.7058974052752545
106	197	2.063853221870138
27	199	1.9861822355494958
34	201	1.8693899232317515
168	204	1.2608257441437087
174	204	1.462234673512923
195	204	1.6657323020943038
161	207	1.4916299356570495
155	220	1.9910177596521677
8	221	1.3289337154422232
24	222	2.4346073484718174
166	222	3.5173422689855607
15	223	2.2984929250365997
1	234	1.2700711424999842
95	235	1.721513211763197
54	240	2.0589178615575343
72	242	2.2618693005538777
132	242	1.9823572596670012
192	243	1.9129129704158943
93	245	1.8699730629689482
105	253	2.388363848530081
79	254	1.9119528604738059
215	254	2.48029717956065
141	258	1.2862214623752197
164	259	1.5169395676848403
208	260	4.062204896394336
224	260	1.228084376352139
98	262	1.2047780595529838
168	267	1.525781105881731
219	269	1.5053143345076747
125	272	1.830629078909154
147	272	2.293486328799654
152	272	1.578609276211845
78	273	2.3311785175625794
71	276	2.063404637590002
129	279	1.5792587019142612
140	280	1.369511277754639
131	281	2.113246325512182
103	285	2.080711724159636
142	285	2.4803500042650946
224	285	2.354242177182188
220	289	2.4504828751289933
218	293	1.7435838962075194
116	294	1.8128289202980326
164	298	2.0027107294618967
284	302	1.362756721635065
211	305	1.4220748763643862
96	306	1.9520186489386389
172	307	1.8830432986348948
39	309	1.723702521405863
72	312	2.2423089806415426
0	313	1.527687764316179
16	313	1.4337145008911283
178	313	1.756781463592829
138	317	1.2742954200550765
125	318	2.416057465983084
185	319	2.2549034970607877
163	324	1.5386877857557566
291	324	2.182579541462715
192	327	2.0854865546405237
163	329	2.2802159314608668
173	329	2.150000085589848
183	331	1.2745618854940306
312	331	1.935383065507375
308	335	2.005005115391433
271	338	1.6559597197529126
57	339	1.4526819733866483
96	340	1.8940424197443813
138	343	1.2342881762454014
176	343	1.5468558103932728
17	345	2.230392182039438
208	346	1.6962182764949962
61	348	2.2216379923050438
222	351	2.1909260466581095
106	353	2.28097902196446
33	354	3.6645815351331743
129	354	1.6293941588309908
136	354	1.8557852192319308
303	363	1.659897169277285
209	365	1.5396866134708629
235	365	1.41860049197081
319	365	2.1617625296875307
358	367	2.2670029823771607
205	368	2.4759585025625612
149	371	1.2322427186419103
264	371	1.35008547472885
31	373	1.9275397609088625
13	378	1.988617723013176
186	378	1.9456973013631367
317	378	1.6156692560620685
134	379	2.3326044206313847
259	379	1.3208797566319652
243	381	3.6095692753158124
308	381	1.8584602467829985
97	382	2.420104271497949
311	382	1.2190292740804267
84	383	2.139750856421018
329	383	2.1303957186028666
377	383	2.434837241184699
348	384	2.2390115848846026
84	386	1.7291458051626067
48	387	1.841445366125301
13	388	2.298773668132788
142	388	1.9755981305725077
116	390	2.4961197074900783
308	390	1.6333168640713862
135	391	1.2103830431762672
280	392	1.2476639396520577
129	394	3.7870175828189248
220	395	2.350059978463828
238	395	1.2002126463432887
10	396	1.9540216698535455
181	397	2.436121706798944
140	400	1.7909505546590887
231	401	2.1888839946225747
39	403	2.189639951053435
286	404	1.7277653892830904
364	404	1.4633245258687488
283	405	2.3108881134199786
180	406	1.8627792992507497
324	406	1.332808062622199
276	408	1.530348336951387
319	408	1.7464573489341544
396	408	1.5110953304190264
401	408	1.49516577052411
177	411	2.3720733942082086
337	411	2.4157109789129834
89	413	1.45539159149793
235	413	2.292939025496663
383	416	1.9082027603600022
128	417	2.1599251273877447
153	417	2.3741531742637476
0	418	2.4238589436936504
166	419	1.8941157591332876
390	422	1.9473653233066086
335	423	1.4191566596845786
15	425	1.3080345229026449
175	425	1.801015847398709
275	426	1.770159353898919
348	427	2.2951436277181303
171	428	2.354781330860713
405	428	2.1849528044610493
167	432	2.4522346154056134
427	432	1.6935915165880937
174	433	3.813291522954987
276	433	2.429920122027207
60	436	1.9679631446080212
91	437	1.2906951409095926
163	437	2.4704326376477193
219	442	2.2054867781647816
124	443	1.7788873537946301
283	444	1.2357473394888365
443	445	1.349570553093762
53	446	2.241397960264135
272	447	1.5189979595276204
226	448	2.268441423625913
358	449	1.661616494516921
120	450	2.764303853025716
127	450	1.2454233948926605
252	450	1.8821589097238989
291	450	1.8627533542008052
312	450	1.2779374962057974
320	450	2.2221519567610306
345	450	2.4625109972059382
418	450	2.245622914803506
15	451	1.453377910248549
110	451	2.152199545174489
117	451	2.2986919134561328
136	451	2.228887385575883
174	451	3.8671904480033286
224	451	1.941072235342833
247	451	2.064005150777949
285	451	1.9306923411284322
298	451	1.585178873215405
327	451	1.2727284304746904
336	451	1.4761059204083202
346	451	2.4274258768342287
9	452	1.8787213282786084
19	452	1.8222042332281734
44	452	2.342066383393104
104	452	2.338962653395239
113	452	1.4373923831037505
175	452	1.7945251994561722
228	452	1.478049390229721
241	452	1.6788371995534364
260	452	2.124430293180519
346	452	2.4156633051775565
370	452	1.30567931636208
374	452	1.3660322869445065
375	452	1.8856436321927799
433	452	1.8605303306426995
451	452	2.4884148426405357
124	453	2.7287971396846737
417	453	1.612928584192169
436	453	1.8835897062346416
446	453	1.459047778900881
25	454	1.791615988822191
34	454	1.5631513397861965
137	454	1.666384233586927
156	454	1.8498966420342802
158	454	1.762696879513204
343	454	1.42765897534759
10	455	1.5096559284127287
124	455	2.297913177616773
285	455	1.2354848518900696
305	455	1.4853085483073887
329	455	1.8203835872202767
369	455	1.4853715283841882
417	455	1.6916359616711791
76	456	1.4472393166200401
83	456	2.351601925141361
152	456	2.0009481063104055
186	456	2.361961677429713
205	456	1.6326083926530346
297	456	1.3997121393039444
329	456	1.7458637233150036
333	456	2.414777410959535
367	456	3.8320708106967
380	456	2.2980394776636155
19	457	2.4734728226186187
79	457	2.3466159915577744
86	457	1.9222242580665434
123	457	2.4788438447161987
144	457	1.5511172448690183
294	457	1.8799466912623406
352	457	1.725973518916352
422	457	1.2862796729360404
425	457	1.283910466609837
429	457	2.3446452359847982
453	457	2.127776463038362
14	458	1.591582088743602
29	458	2.2542408739369115
114	458	1.489274448738598
155	458	2.4656115562185668
238	458	1.398966151320457
264	458	2.224242768916545
289	458	1.6936132338325565
326	458	3.096246441735011
339	458	2.2556505476524276
371	458	2.2578659571193285
391	458	1.7229044315335695
420	458	1.6502266646597936
449	458	1.530202512949947
8	459	2.11540488984334
12	459	2.409095331928407
89	459	2.365118273507262
148	459	1.7219203650244976
180	459	2.0970369801186766
225	459	1.83040789474248
226	459	1.7816745888123253
232	459	1.2949676865140496
246	459	2.4039911468999122
269	459	2.285093115159279
310	459	1.6197314718034572
365	459	1.7970901682386202
407	459	1.9970160117460412
112	460	2.3579494866599555
156	460	2.2935278347607877
216	460	1.999475840279045
314	460	2.3103115439751116
435	460	2.2205884632729957
454	460	2.350375714765259
49	461	1.9326793673660068
58	461	2.2405181542295507
138	461	2.4782600246214654
247	461	1.87125137218827
270	461	2.7288993147626455
347	461	1.5100130770972662
389	461	2.1823856893861473
450	461	3.494140802645453
4	462	1.9746119027879248
7	462	1.9366077976890042
44	462	1.5170226734751373
65	462	1.211401273937058
115	462	2.242426200559126
147	462	2.077343612452865
152	462	2.482411807079556
170	462	1.9666058036960636
219	462	2.2253072176541706
266	462	2.3271139372520544
269	462	1.3335163575152662
272	462	1.5362605528182511
275	462	1.5417566955760755
293	462	1.683254374892098
307	462	2.2699799083648067
373	462	2.1922858576548405
409	462	1.5681076225724755
19	463	1.9685495855406485
20	463	1.3187542635520892
40	463	1.8925725638430566
65	463	1.7419481193248365
130	463	2.205992512165333
156	463	1.5819204815752756
183	463	1.3748226454560735
230	463	2.0936141433788102
342	463	1.4406139757158525
353	463	1.935868249247017
382	463	1.5931800252786892
443	463	1.6776600749595634
450	463	1.3223509159245848
460	463	1.521007861787567
13	464	2.3783781546450475
57	464	2.0639938299822216
131	464	3.3443875337415356
173	464	1.2522921315003301
205	464	2.4717741042091124
213	464	1.927942857493853
295	464	1.9174295785197897
297	464	2.641008002284472
339	464	1.9998017186116366
368	464	1.693737696083325
401	464	2.416298730825692
432	464	1.5823789650811704
24	465	3.7740745448302926
64	465	2.4193430466292716
121	465	2.087329017148205
134	465	2.176155761162734
169	465	1.614205419982798
207	465	1.8014369371087016
265	465	2.3456946833825008
283	465	1.75782749816059
286	465	4.359766344023299
290	465	2.2518973044137045
296	465	1.652122525377417
389	465	1.5985631465536008
411	465	2.0749307598451114
444	465	2.3992489882302337
97	466	2.47729467894939
145	466	2.097894129201328
156	466	1.7636556569122588
250	466	1.419637576124894
331	466	1.2430400012771403
358	466	2.2126844100592287
420	466	1.2211114620823988
35	467	1.4191931004898652
236	467	1.8809990199706919
309	467	1.797730008059114
340	467	2.2465295428154075
355	467	1.8400605217474046
387	467	1.5678289344803715
390	467	2.023639516928429
24	468	1.6250299909599617
37	468	1.7542275044026736
129	468	2.3370701567014334
179	468	1.7753802498813718
215	468	1.9026057338593643
235	468	1.7526005852536697
263	468	2.119981715438161
271	468	1.72869677871217
340	468	2.27203707837592
16	469	2.3072861142490817
34	469	2.3395777161163505
140	469	2.170983032404973
148	469	1.3978061725329791
333	469	1.4701492294704086
338	469	1.834562778706884
340	469	1.9892695241319334
354	469	2.1326088093794926
386	469	1.4992020594299396
403	469	1.6651138461362875
468	469	1.2259786417036551
45	470	1.968608178159276
47	470	1.6937659229530797
56	470	1.9375287606931373
60	470	1.6017084918121989
61	470	2.248086581412421
69	470	2.1058132245400176
97	470	1.4056017030612886
102	470	2.7505341640098813
323	470	1.3231462365576792
330	470	2.161745943827894
393	470	1.7501181642081123
398	470	2.080390026664186
402	470	1.7676301321524766
465	470	2.2421731830069387
24	471	2.4583211219935874
68	471	2.2614937655787966
89	471	1.9043767022499836
170	471	1.561079237487928
198	471	1.4480509064902556
310	471	1.5784569851589914
375	471	1.8710167706252014
406	471	1.962322181285196
424	471	4.184514558258554
442	471	1.773718896218492
447	471	3.7466781450223143
462	471	3.5157224230843576
94	472	1.4299055437200465
108	472	1.7686258549843386
128	472	1.7702739825737512
140	472	1.8343268963178783
222	472	2.439155295258435
236	472	1.963398722511751
259	472	1.2221299599060285
309	472	2.4888027068369416
325	472	1.2794073947431979
333	472	1.2217130900268787
354	472	4.133668971442827
355	472	1.3186420280514208
26	473	1.452102564668044
38	473	2.0330740443842257
64	473	2.3019955276207944
67	473	2.3542351062990985
105	473	2.035128486632379
207	473	1.2591631753232102
265	473	1.978639378762729
300	473	1.5368828237758896
428	473	1.2020700130736088
444	473	1.640449514312957
449	473	2.0055843452522106
465	473	2.0156776271703736
40	474	2.436486342637071
204	474	1.9251973231578465
229	474	1.6926062928080536
292	474	1.6995153702109969
314	474	1.5203800010037047
331	474	1.6562143927919388
399	474	2.349863963880079
37	475	1.3247202682228454
140	475	2.299737231127964
169	475	1.535634018694291
187	475	1.884455005052176
198	475	2.46524663802051
253	475	1.4774095809479055
290	475	2.085646345815511
342	475	4.89823061749593
379	475	2.2691117753323033
405	475	1.2581150447441756
407	475	2.3089039263472553
36	476	2.392542948629905
65	476	1.8602976519705097
197	476	2.220140499547062
300	476	1.842325837880165
382	476	1.9174704706808285
11	477	1.914060919926872
27	477	2.0459659621231516
140	477	2.4055272459576997
178	477	1.379636255785097
187	477	2.422169427408579
200	477	1.3666880229514695
391	477	1.275243163032658
398	477	1.4398678947890395
408	477	2.234607981233043
470	477	1.849959615078106
5	478	2.4966045671833776
23	478	2.428245848339656
63	478	1.2287050130215231
79	478	1.9436368572156864
360	478	2.303687838772575
363	478	1.2283933917425538
407	478	2.4971851570574737
457	478	1.4466960955124761
471	478	1.2190395912026957
45	479	1.2851523802104694
70	479	1.5685193698282858
182	479	1.8498551499671758
241	479	1.9068547901742963
446	479	1.9095833705995227
477	479	1.886603757704438
39	480	2.273095697609811
64	480	1.6975427087216015
66	480	2.067774415417635
109	480	2.23973873423881
177	480	2.054599890758409
194	480	2.2772309752760953
196	480	1.475240562551758
207	480	1.5724447968475888
265	480	2.038687934210683
290	480	1.858292712650408
296	480	1.7553759686400197
316	480	1.5049205431252495
345	480	1.9565495612264971
364	480	1.4127619864761412
405	480	2.3626547071744994
473	480	2.3949182850932607
91	481	1.4337426837308196
109	481	2.20128227929879
134	481	2.4063479864217987
161	481	2.2446500556186137
164	481	2.322578805836388
207	481	1.7600244671714553
253	481	2.296388985173296
257	481	2.0740732645248015
265	481	2.445561598600488
278	481	1.9085945856303401
395	481	1.9996341490488967
407	481	2.0517842046038117
411	481	1.7393217960657168
465	481	3.4203469353041887
108	482	1.8307499019473559
171	482	2.235446094128096
257	482	3.626552246250282
265	482	2.4124456815884816
278	482	2.231352566155851
282	482	2.4936201828179465
283	482	1.8509472112075347
300	482	1.2378994446589413
326	482	1.279236072513991
379	482	1.7744277125602725
411	482	2.208245932944356
105	483	3.1677635032869116
161	483	1.4840543296014412
318	483	1.3015890131958907
421	483	1.5721990372877948
482	483	2.265149333020002
93	484	2.3136094963474063
143	484	2.373477946623491
170	484	2.3034758514465876
185	484	1.3844227782453014
219	484	3.6973427190315786
324	484	2.103766318092474
326	484	1.2233344745436103
406	484	1.3443319740624564
447	484	2.4798748817124525
448	484	1.2512100640296449
4	485	2.0060727046127234
8	485	1.2339676778221038
19	485	1.5720770412943887
143	485	2.2610212615697405
172	485	1.343915258948555
185	485	1.4680263054472902
226	485	1.4181982426205084
232	485	2.2797634556678124
235	485	2.1010677755660865
266	485	2.232616681042483
406	485	4.490924108164131
447	485	1.5937244778531443
462	485	1.7402123498297168
467	485	1.4453884630268523
484	485	2.017119515139965
2	486	1.919196994164537
13	486	1.2147753155618537
22	486	2.2666930535964847
51	486	1.7036458049663272
130	486	1.4351551285971929
210	486	1.8002772968579581
251	486	2.239637313475411
312	486	2.3601627541641017
388	486	1.2608575200386245
431	486	2.120419502010033
29	487	2.0385146810240315
179	487	1.2094703545641718
271	487	2.09776085307152
288	487	1.575527872692652
309	487	2.0053684705447474
394	487	2.0253798124919635
432	487	2.2742793643908956
20	488	1.629049376345198
42	488	1.35504381654641
145	488	1.2558243860576026
154	488	1.5711894444772962
216	488	1.306554702581728
229	488	2.0294326833860765
230	488	2.490371872782272
248	488	1.3378545828381057
250	488	1.8910244660308448
303	488	3.0672444126194276
311	488	2.420458948123863
343	488	2.191001234327853
372	488	1.3004340063085364
463	488	2.131008000159668
1	489	1.356604971652042
38	489	2.333246602720184
96	489	1.8071029443024207
233	489	1.9704489520649122
240	489	2.134989349787079
363	489	1.337930212589238
422	489	1.3403158949546319
423	489	2.2371114597266795
429	489	1.997906969453185
478	489	1.5644242377008604
1	490	1.6505981148451268
36	490	3.668671329191091
99	490	1.601918497977577
107	490	1.6056116639415488
115	490	3.8340096068240466
151	490	1.73734077755099
152	490	1.2562225111600833
153	490	2.1070682166307746
172	490	2.4652892152748196
180	490	1.7363225817550862
185	490	1.6041782776923013
198	490	1.435996512286047
228	490	1.666511582459113
245	490	2.0932037741368266
266	490	1.223142993448617
293	490	1.601629852958659
365	490	1.9354032371967964
410	490	2.0815361942982253
424	490	1.8983569711475912
448	490	2.002421402153911
485	490	2.0359436515713747
50	491	1.4394288346127793
64	491	1.534101736051761
97	491	1.628201858952789
99	491	1.3293857226806933
109	491	3.979480818899687
124	491	2.308578051134271
161	491	1.416573663849238
187	491	1.319699548278701
325	491	2.0513526616036213
404	491	1.878232947660657
481	491	1.2624380014848406
102	492	1.4711368884162401
147	492	2.490336256404383
156	492	1.389636962618718
166	492	2.3525623518861676
172	492	1.6887798108494585
209	492	1.8574938286942047
414	492	2.1591632030279113
8	493	1.8330796878001978
29	493	1.2344214852917088
114	493	1.608385614667422
162	493	1.4726393962191806
181	493	2.0830932809345386
220	493	1.8557186278423807
228	493	2.316616402925321
238	493	2.1419848952478047
289	493	2.328178656449615
348	493	1.5260803875466387
358	493	1.2289354792801814
359	493	1.4000809921028248
395	493	2.488357949053866
416	493	1.3390648875476758
103	494	1.8086450909972278
151	494	2.261607287438207
165	494	2.1440074551948385
228	494	2.4372569010459353
259	494	1.2475516801668136
285	494	1.2511929340464112
315	494	2.0154746284100815
327	494	2.448857159828239
351	494	1.437191554148282
374	494	2.061156370689889
430	494	2.437388134276879
451	494	2.089145227594208
452	494	1.7359908230671908
22	495	1.6106726657970167
198	495	1.2599597585489348
424	495	2.2244905246299775
471	495	2.3125757795088875
484	495	2.026491664829426
5	496	2.913154046665645
124	496	1.6792099134738936
225	496	2.254766259412671
240	496	2.2077949599307622
308	496	2.2391040979556736
347	496	1.5523567068222937
409	496	1.526373637352978
415	496	1.7554815738000715
423	496	1.4876671630209402
478	496	4.170561236354748
2	497	2.0346259655840586
16	497	1.9418674721557223
17	497	2.1620577308158326
46	497	2.408341290288419
53	497	2.176431910500372
127	497	1.2674336064051765
132	497	1.7609581659309004
242	497	2.2739664965856696
252	497	4.309873984924427
275	497	1.8045518440109465
312	497	1.257213857677884
345	497	2.487700340989598
85	498	1.5431116844223285
87	498	1.5503488853346696
144	498	1.9683668911096164
157	498	1.648470694610751
214	498	1.5974923645300438
289	498	2.8121288892599563
302	498	2.4243964673132257
322	498	1.403060185893401
349	498	1.9609144897447242
376	498	3.70643767740356
449	498	2.4668168903940355
458	498	1.8655414556966212
63	499	1.7547365192832793
80	499	1.6369785536018708
189	499	1.941403697341452
221	499	1.529765737815197
222	499	2.2306262582701915
233	499	1.2801565212972177
256	499	1.9529626515230012
294	499	1.7251784845263605
308	499	1.8560892755843201
362	499	1.2325813539547574
363	499	2.4396256836010473
438	499	3.7761085208629934
440	499	1.384593312248764
496	499	1.7565994897496826
