0	2	1.9904928381436404
0	49	1.8490732802355865
0	130	2.396328194246255
0	190	1.6044588286617947
0	252	1.6529405491160571
0	261	2.4814352257090473
0	312	5.7033394800888155
0	356	1.6873461123803
0	382	1.7840785917497273
1	8	1.9580164847108064
1	38	1.4643639804560542
1	54	3.6274860715303903
1	63	1.3312444285287863
1	79	2.194949476342706
1	234	3.044564192309795
1	235	1.246964183361458
1	335	1.8303046619372254
1	360	1.234765661956624
1	379	1.3266676934082702
1	417	2.3433499048014923
1	422	2.142200646605381
1	447	2.246739541861537
2	46	1.2421361925029941
2	72	1.7782950300734566
2	100	1.6725799919052098
2	190	3.404262389618718
2	239	2.2975922576271657
2	291	1.6418410301355688
2	313	1.6331122134696454
2	356	1.6306702816443097
3	16	1.8990076154505275
3	47	1.2574441768598161
3	69	1.8186969102659538
3	71	3.040259064042785
3	200	1.2828648709599815
3	241	1.7238666642345486
3	282	2.04285517841165
3	369	2.192526604542098
3	408	2.4204236321578527
4	45	2.2742542754538677
4	93	1.259754662210291
4	218	2.206383039869894
4	424	1.5157115346540826
5	29	1.24160758989587
5	54	1.4148592702917906
5	86	2.342502583739425
5	113	2.3078673208530116
5	116	1.5606894614634514
5	189	1.5557448541411254
5	225	1.7619254149997434
5	254	1.5822145900298246
5	263	1.5406304888009246
5	294	1.430128217962832
5	304	1.9542924105928283
5	352	1.603895087558132
5	362	3.530687517893159
5	409	1.2312039389741025
5	415	2.06394016509105
5	438	1.8430103697204918
6	81	2.01505935195551
6	132	1.4820521394749226
6	190	1.416020449097168
6	242	1.7007848916165993
6	275	1.2167649251616086
6	295	2.2265970918708997
6	313	2.412514364701568
6	374	1.6080938217174205
6	389	1.2081906038876644
6	418	2.278442037725739
7	55	1.9168825588276146
7	148	1.454965817510255
7	167	1.8457120837059353
7	170	2.497613377749711
7	180	1.2420834039158237
7	198	2.952487620799572
7	218	3.7115064593717544
7	245	1.2526688434103053
7	307	1.3952191864585242
7	442	1.6200743225222816
8	63	1.690581545477841
8	80	1.4185058340988208
8	86	2.1701171099847256
8	104	1.3915771328638358
8	113	2.1601777866609764
8	166	1.3824928505423708
8	192	1.8977103850545485
8	221	3.3903539531505373
8	233	1.9181521950564049
8	262	2.063807138597765
8	304	2.0322065662790854
8	363	2.3031671559663307
8	429	3.57838832924409
9	27	2.2825248224180275
9	131	3.239243582349631
9	184	1.749607902762754
9	244	1.4426865806900315
9	437	1.5876221657293423
10	183	1.600270105113676
10	189	2.106458265487529
10	287	1.6096706207216707
10	396	3.7710642584509126
10	402	2.371326938247901
10	441	1.7329060186410148
10	443	2.2278523126888654
11	97	1.4042655714832766
11	158	1.3163207977186178
11	256	1.6999349070826704
11	311	4.312391950317753
11	399	3.5923500438169134
12	38	1.4985192679243697
12	74	2.3135068223127466
12	113	1.627366317805576
12	142	1.2345897145492457
12	294	1.990010913072691
12	390	2.9017453628337275
13	57	1.6995605751446736
13	217	2.0522724044507883
13	231	2.375195085907983
13	295	2.2526186038869707
13	378	1.284531087299964
13	388	3.993883388673558
13	397	1.5577718060774985
13	401	1.4820998469181919
13	431	1.623382713813589
14	31	2.0811714861198625
14	77	2.0500835187526354
14	119	2.390582041153683
14	135	1.275503821764303
14	149	3.280238896209983
14	160	1.497730611322924
14	214	1.9419145962964897
14	326	2.3613683855096803
14	330	1.6330000911583766
14	373	1.2189928214575918
14	376	2.3168284283292464
14	395	2.297765099105696
15	18	1.4813211679176677
15	44	1.725531474568492
15	61	1.5612756153773304
15	212	1.906914735844762
15	214	1.790333615318267
15	223	3.631267086706753
15	277	2.0612638640302974
15	327	2.0102855512131135
15	347	2.089214534954643
15	361	2.0351165194621537
15	381	1.6404547169873243
15	389	2.2974990326891263
15	439	2.1494406122753182
16	17	2.897260207219236
16	46	1.9861892350925714
16	48	1.2151008153234664
16	208	1.450520706128901
16	247	1.6386086389944776
16	252	1.8845304773916838
16	313	2.8794623400303045
16	320	1.9645555688379073
16	345	1.2812938093750006
17	130	1.7894790476050297
17	202	2.4546295086970806
17	242	3.8101599931170895
17	345	1.4718660162663846
17	439	2.140353776798228
18	29	2.0933944704169165
18	61	1.576083887590321
18	175	1.5219024328878876
18	192	2.2032527345468393
18	195	1.6643979045588273
18	285	2.0398276954888868
18	381	1.506786436185335
18	443	1.4576658879145454
19	208	1.8957702237451879
19	260	2.2446164122368217
19	263	1.9697481008046989
19	277	1.823809705641624
19	285	1.2271428297649458
19	315	1.994360546477278
19	346	2.315429390427423
19	374	2.9907226875051194
19	410	1.694624437740723
19	439	2.0364376131850155
20	42	1.540417239005401
20	112	1.340386666673997
20	125	2.260778058461708
20	138	0.25925792903480605
20	176	2.442901014949084
20	202	2.1382778202269206
20	229	2.2127434586585863
20	230	3.8982004453190164
20	231	1.4665774295341865
20	344	1.915768255442662
20	399	1.2363298591065137
20	420	3.299029416515771
21	63	1.766632195467523
21	80	1.7789075464966833
21	86	3.2345195563115285
21	101	2.195804579027665
21	113	2.2557960488052258
21	116	1.844011919007857
21	225	1.7382268111621055
21	272	1.8503845158233483
21	299	1.392711830958208
21	360	3.237455811275039
21	409	1.909663774529407
21	412	2.061099561873839
21	419	1.7707848364023655
22	115	2.3330581592895654
22	147	1.8818299928902686
22	167	2.037610808047362
22	282	1.9074189108796578
22	323	1.8760021130650677
23	38	1.7903766756111592
23	63	2.1896738001385336
23	80	1.7002282697340045
23	101	2.4696079823431383
23	222	1.5523482135608255
23	363	1.6778848681779923
23	409	2.1021170530219546
23	423	2.009856931260715
23	426	2.0932606785735723
23	429	1.5439555440669075
24	34	2.2818331737809388
24	50	1.279451287895828
24	55	1.818345529099989
24	66	1.7436112283076033
24	133	1.452123575262873
24	203	1.517918432862324
24	206	1.838882149164938
24	261	1.477888117503927
24	288	2.102331915969937
24	413	2.0677385935949553
25	106	1.2239262191736906
25	137	1.4298429852982162
25	145	1.344348174929266
25	202	2.4466446647597335
25	212	1.4141354452415487
25	229	2.0059810499417585
25	256	2.1549529856096785
25	303	1.9082137912655033
25	331	1.429322226459262
25	353	1.4341140877174434
25	420	1.4000090273576218
25	448	2.3250424023566287
26	27	1.5799617834727144
26	53	1.7486885484882755
26	88	1.6189931920844038
26	91	2.1351249798929315
26	92	1.8872960510969583
26	184	4.472170079380095
26	217	1.4361629932615554
26	231	3.5523386247690274
26	249	1.9232249259274699
26	281	2.40784149225622
26	297	2.386349149245558
26	367	1.7585316653726832
26	380	2.0290327880331516
26	416	2.03984554823724
27	57	3.746263851624638
27	76	1.5947807005492771
27	90	2.310409791348338
27	144	2.0081493492280114
27	146	1.469551686480279
27	187	0.44147629309862324
27	199	3.708365409798575
27	205	2.3750202907537363
27	244	1.7871351844328613
27	281	2.0053219030507288
27	329	2.4087695331178427
27	416	1.5539295623313423
27	437	1.9046037572218124
28	76	2.256814411610801
28	84	2.1919594023564946
28	144	2.324184023112962
28	146	1.4654709952388738
28	231	1.2196619608288666
28	296	1.9077537558806328
28	380	2.409194415281233
29	32	2.4649753030005312
29	81	2.4526074780616423
29	98	1.5378563755597598
29	264	2.4549507616028605
29	449	1.3869379924770318
30	58	1.9727876381803706
30	127	2.1115777102440454
30	190	2.652149473906128
30	210	2.242756634105514
30	247	1.9206432694472793
30	291	1.5844391399229538
30	312	1.2873721408736043
30	345	3.0414111505040022
30	356	3.68494262849008
31	79	2.1297482694147662
31	87	1.733894428308241
31	143	2.3470924401492717
31	154	2.424242505701431
31	279	3.6180656152043342
31	284	1.5492135425777578
31	373	4.066462075149403
31	375	1.9849124890604983
31	397	1.9267839093308408
32	77	2.3535999766997584
32	78	2.076677586942276
32	135	2.0154355633244565
32	141	2.2968283047538987
32	162	2.092962385822963
32	264	2.2671041502720732
32	272	1.7078993489237129
32	349	1.6727496118043161
32	376	1.5421831177089032
33	66	1.81429102991433
33	94	1.3120418963620981
33	133	1.5200937297464767
33	139	2.339519797329379
33	140	0.9638022881526577
33	201	1.6931665086581205
33	236	1.9454532073017352
33	237	1.3619868014402177
33	271	1.6886610523103072
33	280	2.1032385703862535
33	325	1.2388313081413567
33	354	1.6964736459910281
34	50	1.227649525630437
34	52	2.2273530367505856
34	94	1.9036844923530754
34	126	2.3142322131143107
34	201	1.3943296878354274
34	206	1.8091478498506524
34	261	1.6625232188269055
34	338	2.1954240840491313
34	403	1.2481809809781061
35	67	1.466243321805846
35	126	1.3723984769478084
35	236	1.9290568383281408
35	309	2.029872696276398
36	111	2.2311316572167277
36	130	1.573573362262552
36	136	1.4251079445497654
37	67	2.0346796111172254
37	96	1.2029945279456602
37	201	2.201435679684533
37	203	3.979458410320684
37	237	1.5313580140177212
37	341	2.4064678947634763
37	354	2.4897971002845436
37	414	2.4574851749919384
38	79	1.969594767599327
38	80	2.449215809977927
38	123	1.7478325434471151
38	125	2.268480164690867
38	137	1.7803730131304958
38	225	1.8442440921520853
38	363	1.7861186888637373
38	422	2.2891078660130963
38	429	4.4669934726299765
39	52	1.6656190297687528
39	271	1.9890495910102723
39	403	3.874341523016315
40	65	2.044962960991973
40	145	2.021686944335766
40	169	1.2081561343352225
40	230	2.113494197936039
40	311	1.5662933332517226
40	322	1.8815215831162837
40	331	2.2450398268502862
40	343	2.0094789723762476
40	372	1.8911551548047991
40	382	1.6362943633701899
41	74	1.397330381721565
41	115	2.1712261064832714
41	232	1.7127579801020376
41	265	2.407334471705811
41	266	1.8745549823070533
41	311	1.97473669813378
41	394	2.0017090265457025
41	413	1.7003148721545127
41	438	2.184158089654861
42	89	1.3454020647640816
42	106	2.179639674359217
42	107	2.328742089076124
42	112	2.3287117811421094
42	145	1.6994651681981365
42	156	2.100958079706115
42	216	2.4875540591917513
42	227	2.376998456145669
42	303	1.7556395893601202
42	369	1.3703142461337383
43	64	1.9455021217318955
43	83	1.5533713324375527
43	131	1.771117469279628
43	171	1.8086087307082994
43	184	1.7558456333011097
43	186	2.019404787702196
43	205	4.167309648697895
43	210	1.3999516903641367
43	244	2.3278680239032283
43	295	2.2534370702831477
43	324	1.8622824732757044
43	364	1.4133907880816088
43	397	1.2791151863840795
43	437	1.8970627270549354
44	104	2.3386073415048503
44	118	2.340885138887458
44	236	2.3161990431238477
44	332	1.448739444121298
44	384	1.2859575374192418
45	60	2.9024792904745027
45	182	2.2821990498668363
45	196	1.666938667097392
45	242	1.5792579586684303
45	369	1.3727706150993089
45	396	2.2303421639203242
45	408	3.7573996979479176
45	420	2.317894872979231
46	48	1.529747952990053
46	62	1.794988942812925
46	72	2.0207534404746363
46	105	1.3991289030773697
46	199	1.636703063586757
46	251	2.3904232042572486
46	312	1.9868277536160852
46	346	2.3461124207464525
46	418	1.2353648514140965
47	60	1.6507110352967365
47	189	1.4964590882957116
47	241	1.7968546897065996
47	276	2.412644589404639
47	323	1.249057011115594
47	434	2.124885228512688
47	443	2.0358498443349577
48	157	1.4983861753043146
48	190	1.2699418616687717
48	194	1.5088131301336305
48	210	1.2727058668917217
48	242	1.510727500768903
48	249	1.403002774972998
48	347	2.004382631792927
48	356	2.202266788570086
48	387	4.110575389754221
48	426	2.0890605300025364
49	196	1.2258410152411165
49	199	2.282369351245709
49	239	2.3937742401302318
49	270	1.280856181323819
49	275	2.454371221269901
49	320	2.101905297217413
49	321	1.9377034202820975
49	356	2.3638864975866554
50	94	0.6537312833825691
50	128	2.3491095186151827
50	129	2.142958847555823
50	159	1.5227551100280066
50	280	2.1163268955423233
50	309	1.4597230262374539
50	340	1.4950941843266232
50	371	1.7044342083573234
50	384	1.922583718691726
50	394	2.125677597048372
50	403	2.4616915368862267
51	53	1.4353642435504974
51	130	1.9623961534736936
51	239	1.570247600749242
51	251	2.042290171527166
52	128	1.3394302919787737
52	206	1.4366757101266416
52	394	1.3762450816426501
53	62	1.5802039564334394
53	120	1.2944349733377936
53	127	4.0074622072627
53	132	2.428595070209016
53	190	1.9170464572365757
53	239	1.6861640404419789
53	263	1.9530105124514483
53	275	2.4135501059434006
53	310	2.0272337316286886
53	380	2.3739431967494484
54	60	2.4561541695922298
54	101	2.4260084386302347
54	123	2.047391258999599
54	222	1.59032619730519
54	239	1.9968537190406965
54	266	1.8865685879067362
54	299	4.152668496113097
54	427	2.2195775433161486
55	96	1.8003367339731529
55	128	1.4961566945531781
55	179	2.36023377719452
55	236	1.9081675626567407
55	237	1.6242066853334123
55	248	3.3940496675356577
55	271	1.3173089419606516
55	325	1.9301445622823525
55	333	2.4019187424649973
55	386	1.4237795359795073
55	394	1.3419012184512065
56	100	1.3344019946169556
56	151	2.1493386488491577
56	190	3.0165107482570996
56	210	1.3915648218158692
56	270	3.4158863716593793
56	291	2.225033994061702
56	356	2.3639612723998544
56	388	1.7247349742149587
56	426	1.9595663785069748
57	83	1.3196132217748582
57	84	1.852865297733726
57	122	2.325571823126171
57	173	1.6052882625422975
57	186	2.159890787254765
57	217	1.9671849030753807
57	249	1.4809751183663449
57	263	2.2222179339586625
57	339	0.11915179774791017
58	130	1.9513973791350323
58	247	4.3170881169965885
58	387	1.2109809618144485
58	389	1.9247278329740753
58	430	2.052113913902251
59	76	1.5873375242064225
59	114	1.4375061250597534
59	162	1.8378660574077643
59	238	2.2224454504066653
59	302	1.2379096611417653
59	329	1.8849357862208795
59	359	2.4387511581103
59	391	1.3825879773084069
59	449	1.8037223870808037
60	153	1.4096447720441128
60	200	1.8298194953797484
60	241	2.208520366133786
60	344	2.0711451736495485
60	393	1.431149800295368
60	436	1.2005798695011713
60	445	1.4890644319642705
61	171	1.9694994715217975
61	192	4.014906936871908
61	193	2.2037257171908013
61	258	1.527803154055632
61	260	1.48820160551404
61	277	2.350189728664599
61	334	1.810178189116923
61	346	2.1579854488687733
61	348	1.70259696441367
61	400	1.6473230981790206
61	439	3.7153076328891714
62	80	4.3853455501564955
62	127	3.46203150411724
62	136	1.725754190640449
62	320	2.224511230231192
62	389	2.0074950330295005
62	444	2.2279754829268845
63	116	2.230490350199318
63	141	1.5707862999248399
63	221	1.3590763333342137
63	368	1.4558100805233534
63	409	2.371383740090326
63	415	1.2180925178156832
63	427	1.2749056617870456
64	81	3.7104778855410996
64	91	1.4412127389216558
64	163	1.3698993137222177
64	164	2.3904887306457097
64	170	1.5359895446549494
64	234	1.9326780463753446
64	253	1.3070539745963972
64	259	1.3879024116157257
64	299	1.3323865071757857
64	347	1.4972315662484013
64	428	2.484528002474216
64	444	1.2921535200068415
65	138	1.5094307636636157
65	202	1.5700154716915007
65	230	2.3552924003438855
65	292	1.8037260973210754
65	303	1.5674762771292987
65	317	1.3959942719257017
65	331	2.2789680665966796
65	344	1.903061857326572
65	353	1.6409282474514086
65	435	2.2933803389372627
66	128	1.2578682293712833
66	191	1.48597841737128
66	269	1.2028929481884558
66	306	1.3693333641737555
66	338	1.5578991538566465
66	340	2.1491897490717724
66	394	2.3975954346512545
67	128	1.8387284316620345
67	129	2.2307876901038375
67	203	1.9257816162360584
67	206	2.455265728904184
67	236	2.496845651563437
67	341	1.9902313156132447
67	392	2.280473372739621
68	111	1.7688380205233862
68	158	2.2447964720617977
68	218	1.7818872864752868
68	226	2.4482694804918763
68	232	1.366607593976827
68	246	2.233997298563442
68	266	1.3020653327234115
68	269	1.6461715470746117
68	272	1.548993188405957
68	274	2.2975101303675163
68	413	1.3203997274388297
69	142	2.453502722116262
69	153	2.396026208178613
69	211	1.5510426738374297
69	398	1.6423414000112595
69	412	2.0055861613493966
70	124	2.081883015239108
70	150	1.5925460868726142
70	178	2.415169435705864
70	276	1.4234015563854563
70	408	2.1725863686828033
70	418	1.8400130339378622
71	102	3.979316966729471
71	122	1.738808449956448
71	124	1.559835328415554
71	150	2.1853529165654013
71	159	1.669264917250622
71	178	2.041472343722214
71	211	2.0547165048328067
71	222	2.26298413731364
71	276	4.341974569744586
71	287	1.6304540487439991
71	330	1.4066386730126539
71	369	1.6268515379339503
71	446	1.6933824918667233
72	82	3.9538825073656914
72	242	3.7203547967253003
72	348	2.351945704601493
73	103	2.4545300275461632
73	130	2.2546977339216627
73	168	1.4671188052335613
73	223	4.141145264280844
73	247	2.208100925309797
73	260	1.984291755285123
73	322	1.798405021100542
73	374	2.2828322588666285
73	433	2.461635484618506
74	116	1.9333271047258127
74	134	2.364368563279112
74	263	1.7451405720956152
74	317	1.9622990576789445
74	326	1.9195949769020637
74	409	1.2782624355987922
75	84	1.5305859495118213
75	173	2.1277373129926977
75	186	1.4678731991495926
75	249	1.5161803429832912
75	329	4.459987698237616
75	353	2.3814957585522816
75	377	2.1642894597267635
75	401	1.4516547434243878
76	295	1.9651824918774785
76	367	2.2035396904120663
76	378	1.4737791052639948
77	119	2.3971028189743624
77	149	1.6626211579281691
77	262	1.6379130228814653
77	279	1.4066963771551082
77	349	1.4384876578499761
78	85	2.331037500640237
78	95	1.4032339122063096
78	98	1.9818854580089673
78	135	1.311676710011275
78	238	2.475744728888567
78	264	2.9339706385045043
78	273	4.739279958223829
78	302	1.3478262554711338
78	322	2.1774344205647043
78	326	2.2677579056392467
78	349	3.445510347561663
78	358	2.0644810356923475
78	359	1.4225054513258266
78	384	1.522737889463233
79	113	4.081991473397219
79	125	1.5618969795812743
79	254	0.36745656310370345
79	281	2.0059321860294395
79	294	2.2600742327154704
79	304	3.1531962742885353
79	383	1.5747021972704593
79	422	2.239727000323712
79	438	4.171145126253535
80	225	2.450588106211911
80	233	1.3430977137445723
80	240	2.3854663488713204
80	299	2.361542375467451
80	407	2.1701888338770936
80	409	1.7227686403304507
80	412	2.445337838290203
81	82	1.0450433406626565
81	105	2.0788560816618773
81	234	1.6300057905706937
81	243	1.5551332173453178
81	255	1.9479676746432508
81	296	2.3969344602233624
81	297	1.2261294897853465
81	300	2.351584500877932
81	407	2.4007722024892963
82	127	1.7189111256361036
82	291	1.4675686142701976
82	312	2.016319776358928
82	320	1.9940333086662556
82	388	2.1676124296290045
82	442	1.2572896931413953
83	213	2.4146404992327244
83	297	1.5940353237414204
83	339	1.849891299597167
83	368	2.464360380476034
83	377	1.8707640038878957
84	144	2.237454445580748
84	173	1.3912914233277942
84	191	1.230224290658054
84	213	2.335313708237061
84	249	1.6284063386051528
84	281	2.1966322258819426
84	295	4.3770623971732885
84	378	1.2540943739750987
84	383	0.4794046105050187
84	386	3.2231122253029003
84	401	1.9669216934472225
84	415	2.0165965077827748
85	119	2.1612354323564333
85	157	1.2020594531710245
85	162	2.146211154690927
85	250	2.289943963941759
85	273	1.5052382905784103
85	376	2.3457545236758075
85	440	1.8184837578064204
86	221	1.773495067014467
86	233	2.1178055799204696
86	278	2.1424388491547246
86	342	1.9410160862599124
86	352	1.3232882711819882
86	415	1.2361065243371923
86	438	2.2813329638244655
87	114	2.4218713867067008
87	119	3.154879038078259
87	149	1.5408510547220406
87	155	2.002535097447969
87	279	2.491500886075501
87	359	1.797226080728862
87	375	2.191866059032908
88	153	1.8362676827134008
88	182	3.506301992484512
88	275	2.4482828990656538
88	276	2.2384806433890323
88	289	1.5964243599580294
88	369	2.1323201598870654
88	396	2.1342113759842984
88	417	2.204378113060125
89	111	2.342224678788677
89	147	1.3292055102566396
89	152	2.435531547400342
89	180	2.196071270412594
89	205	1.3513640013494677
89	218	1.8200820067373524
89	432	1.553934711762689
90	215	1.5636271056310873
90	240	2.188114679410956
90	299	3.5466548635397395
90	360	1.3710055196985653
90	419	1.732304978032983
90	438	1.6544807560764279
91	134	1.4844810586524582
91	169	2.1589877239560296
91	175	1.6037577522034674
91	187	1.910041742482575
91	188	1.6233416395746878
91	253	1.929562527307691
91	282	1.889043294095584
91	405	4.608149050966434
91	407	1.8532220889744844
91	421	2.1581095890312096
91	437	3.4814453158583554
91	444	6.024621149717897
92	103	2.1600406560519367
92	281	1.2451521052159376
92	407	1.2904614258090725
92	412	2.4951319454509937
93	177	1.3419774291501052
93	235	3.8021008665484235
93	245	4.172182665411482
93	246	2.3989401869443165
93	280	2.2161911780356016
93	414	2.0983710842226158
93	432	1.5884770182856196
94	96	1.7489021791843848
94	128	2.4076538619452736
94	159	1.6679822948059126
94	167	1.577073816455966
94	338	3.199869167984042
94	392	2.4261536016959373
94	400	1.9575714825329875
95	214	1.7947646043661787
95	220	1.276858930554843
95	235	0.11296495338594038
95	302	2.8467177197351305
95	326	2.002283997040579
95	375	1.3297992671802177
96	97	2.4937989129551337
96	203	4.274453795968625
96	270	1.7057647577232247
96	271	1.537593790476419
96	306	3.4154557252904225
96	340	0.12107925167358168
96	351	1.2601215256937501
96	386	2.3645897150392674
97	106	1.3694304493954934
97	154	3.6552911210193315
97	177	1.5876414286219023
97	197	0.20138998916681283
97	227	1.8208807335004362
97	250	1.3862750248068225
97	255	2.424490470970525
97	256	1.2316120387784293
97	292	2.4700634259524987
97	343	1.9480487246984994
97	419	1.522062542028624
98	160	2.2673526924512597
98	238	1.2413757974594388
98	262	2.9188462595619624
98	273	2.365187063711476
98	289	4.646556561905091
98	350	2.233669817490666
98	359	1.9518820818727913
98	427	1.2589250677734076
98	440	1.6233089700578403
99	105	1.8613590523209806
99	109	3.576150112072452
99	257	1.4542609697802225
99	265	1.6316772634290135
99	300	2.4962196654390656
99	318	2.2290736469726062
99	407	2.1889746859820716
100	199	2.1971399031532717
100	247	1.2791157034280154
100	251	2.232928469301132
100	291	2.0849105678633255
101	116	1.7873605072064134
101	123	1.4556186097058106
101	189	1.9602158060159267
101	222	1.4929061979638298
101	254	2.341108876393288
101	263	1.7750986230072832
101	275	2.477190323935902
101	301	1.2907713748074676
101	412	2.2481455739201754
101	426	2.06946282864042
102	153	1.4539250108108432
102	200	1.974286709147405
102	241	4.2846744529250405
102	383	2.21480578750392
102	417	1.5732689421325514
103	142	1.9628786263046756
103	151	1.2255814111054937
103	195	1.5287380546650362
103	277	1.2448997952374175
103	285	1.2111211562156248
103	357	1.4644260918623675
103	370	1.60137204795751
104	110	2.161638176808509
104	117	2.2827003021747236
104	175	2.2021094101583376
104	212	2.2642439775672516
104	258	1.8065007942892524
104	315	1.9120280290554161
104	327	1.8982951808924333
104	334	1.9331041654442178
104	337	2.1244681111882033
104	430	2.1355269965402055
105	109	2.412598820062208
105	164	0.16947194360168144
105	196	2.3548894030179417
105	242	2.128362942378802
105	265	2.150823938536222
105	407	1.2129504153978878
106	125	2.3845137159880814
106	186	2.485703180995807
106	188	1.5713778660378475
106	353	3.6685778661656077
107	112	1.8802601168185777
107	142	1.5702683000721047
107	158	2.4808153387427723
107	176	1.7657137085387982
107	227	1.4074722209785822
107	303	2.3893077141180097
107	343	2.336883218730924
107	353	1.4916694680350993
108	126	2.081541176799197
108	128	1.75045482388068
108	159	1.3773643407175207
108	325	2.0660981582431237
108	355	1.4082835054654133
108	400	3.6281140205596927
108	403	1.5774851138334083
109	161	2.1550213982686355
109	164	2.231466607178608
109	177	3.5793426750329678
109	196	1.5219656725812583
109	282	2.0473700707211617
109	286	3.4128610916669846
109	314	2.1572606169479593
109	407	2.211345001214817
109	421	1.8960947659309337
110	151	2.200106528027534
110	174	2.338028177754328
110	193	1.2501281194129263
110	195	1.9450309668407364
110	228	2.285460911247658
110	243	1.662861610504329
110	445	1.9692637050873358
111	127	0.4528203521763591
111	148	2.069846918472096
111	152	4.033646444182311
111	172	2.761432407424789
111	180	2.32703314153481
111	266	2.4157818631182577
111	272	2.084412298276005
111	319	2.378792326790757
111	414	2.1527657389252663
111	424	1.891777954274171
111	447	1.796253763068854
112	183	1.5065753838176477
112	303	1.2534920515882189
112	343	1.587573446563002
113	189	0.8829694893378628
113	208	1.5617999748488043
113	222	2.327734256174441
113	254	2.382814701872779
113	299	4.142644360389615
113	335	3.0170642533160787
113	390	2.1337891317308775
113	438	1.2823072379181926
114	238	2.059308339607626
114	264	2.4950860515766795
114	284	2.054479909324977
114	289	1.908980653345738
114	358	1.547603865562194
114	440	3.7150425958582796
115	136	2.4763245106846625
115	151	2.2121659732307757
115	172	2.693737178667038
115	232	2.0888468276419068
115	253	1.7608467856675474
115	269	2.3667886719934272
115	271	2.45269324828215
115	282	1.5222574605676678
115	310	1.9461743007186558
115	324	4.0004086159410726
115	416	1.7388053095195941
115	432	2.062031111390147
116	189	1.3273824691998672
116	233	2.03866175051138
116	240	1.5343793475480374
116	294	4.028158119974858
116	302	2.0528286289511524
116	409	6.000097166574916
117	151	2.32196690036691
117	165	4.136791043212259
117	243	1.877032058972464
117	285	1.423129971521417
117	315	2.2471468357890183
117	336	1.2751635154091272
117	346	2.365465147718679
117	347	1.9509315323700576
117	348	1.7714855610755462
117	361	1.83621485611598
117	370	2.1946073706877978
118	204	1.256625160174033
118	207	2.2655294987060515
118	208	1.4777477073336729
118	212	1.580758640801326
118	232	2.2185552095179215
118	258	2.261793417811379
118	267	1.8031338285855474
118	306	1.3305690718625083
118	374	1.4156522091369141
119	135	3.8318693670223247
119	195	1.2886525135802693
119	289	1.8795893735236637
119	349	1.8158524652135188
119	372	1.7690703478649719
119	440	1.409455390359358
120	160	4.200373118625217
120	190	1.6100208978298893
120	272	1.4341045029880466
120	312	1.6262700321133274
120	345	2.0602936341471683
121	135	1.77230822101295
121	155	3.140034330263685
121	157	2.062594069314837
121	214	1.5661213343277307
121	220	1.2129157900635517
121	264	2.2711878482153622
121	297	2.020497129858637
121	326	1.216868747323862
121	356	1.4492516422512163
121	373	2.0995004370002692
122	150	1.380888200806925
122	182	4.08289685924114
122	328	1.6099307568274148
122	330	2.107743504652219
122	408	1.5951839567326798
122	434	1.6715152391328447
122	446	1.4621302257130218
123	160	1.5175057431660317
123	215	1.6205371744504604
123	233	2.001338843680903
123	254	1.31868044500954
123	304	1.5403912161404216
123	318	2.344742891924767
123	362	1.6948031599836397
123	394	2.168511517413711
123	429	1.2102451244308907
123	438	4.184393331786305
124	145	1.322571786364777
124	147	3.7821265986742185
124	268	1.8441489154396957
124	369	1.721189977405749
124	393	1.780825959032641
124	402	1.6677363639882286
124	408	1.233851808546177
124	439	2.3078547603909425
124	443	3.3694692481153803
124	448	1.2666088865588294
125	185	2.4055637746750893
125	272	0.9765700798719883
125	303	2.091897698566133
125	420	1.577564774380786
126	133	1.3262605179012228
126	231	2.1459502290485366
126	310	2.013722630523517
126	350	2.4843363305578485
126	400	3.5441570493851176
126	418	2.2977299782084724
127	199	5.7485261235386345
127	251	1.9432148593865892
127	275	3.2615883507987107
127	345	1.869512275171911
127	383	1.2970546615668075
128	203	3.375083556873296
128	282	2.195409582122038
128	386	1.8126025929939371
128	394	1.4534722154743251
128	417	4.415634845451981
129	133	2.3210834044033994
129	203	2.1373246143067846
129	211	2.452316693290646
129	280	2.232627941109377
129	306	1.5095818713037386
129	354	1.1730766082209556
130	210	1.5095860213230514
130	247	2.3816834041676227
130	321	3.237166781928435
130	370	1.463573044098456
131	163	1.452774016983237
131	183	3.3450541965386353
131	217	1.2876492788099059
131	281	3.925942938519524
131	295	1.90232554283731
131	368	1.3739013616944347
132	239	1.5164943553614383
132	242	0.863196092177302
132	247	1.256307650037938
132	251	1.3643860788048092
132	312	1.9596743878045189
132	328	2.326337953157303
132	334	2.4426836468985966
132	384	1.6455633816888255
132	388	2.08463295142949
132	418	2.447809078207812
133	179	1.4834929767141585
133	201	6.873255669932874
133	237	1.9671235328792798
133	245	1.6984039601491017
133	280	2.9118579266826785
133	325	2.3507993116900234
133	333	2.1060075989512654
133	340	1.5924837680420467
133	351	2.0250993015288756
133	386	2.3702879490638655
134	161	1.67086468240736
134	177	1.3031648138076342
134	196	2.4454363201312095
134	204	1.2831683861130887
134	253	1.668520631211758
134	275	2.2477512672436886
134	283	2.324184385408023
134	296	1.5036059020993724
134	300	1.5157862821056143
134	304	2.351267145669265
134	342	1.8988551333325367
135	155	1.7267234412470909
135	162	1.5519892759146565
135	373	2.1825983651084213
135	375	2.7478953266165007
135	391	1.1974587892251214
135	427	1.9776937275003545
136	180	1.5821560313552812
136	219	1.7603131012915259
136	235	2.4029074448638386
136	272	1.2338866496378236
136	406	1.7236557676798565
136	413	2.6636266275279725
137	154	1.8432844480641206
137	202	2.1593592757298903
137	292	1.773697085502612
137	343	1.5092250725377467
137	372	2.4895026898218857
137	399	1.8147438587069746
138	156	2.2742500454595262
138	256	2.2198256363435602
138	317	0.4881993499418974
138	343	0.3898834849078855
138	344	1.6548552319219054
138	382	1.840351305909269
139	248	2.2403511140590258
139	325	1.3375534996334886
139	351	1.4511465253980371
139	394	2.0524242918613687
140	179	1.5228935391574994
140	201	1.8057388888152617
140	237	2.0676518926819876
140	280	0.4319472571376066
140	400	1.0321376405449636
141	222	1.586627808390086
141	246	1.993597084133639
141	281	2.2882728668352152
141	390	1.9469759769689337
141	415	1.2034849624394102
141	438	2.241122306243292
142	192	2.095335497596599
142	204	1.6661151128052014
142	260	1.9763394250261541
142	285	0.32667418958863337
142	346	2.356816230252437
142	347	2.2148826144435296
142	374	2.0063547548626
142	388	3.5450248397522213
142	433	1.3117233448103593
143	172	2.2106196026694835
143	414	1.9774977390188062
143	447	3.2764159804714246
144	160	1.6319089885928366
144	205	1.6191197364217538
144	244	1.9238168255448955
144	339	1.4941208585422538
144	368	1.3742942640312776
144	378	1.8274122818623972
144	383	3.6880094239427486
144	397	2.3912997467084294
144	431	1.4946911429528384
144	437	2.178452420979482
145	197	1.9272891549517732
145	216	2.1447069738258886
145	229	1.2072742351360097
145	292	2.2918643135940377
145	314	1.5299828514872493
145	344	1.4489728955039838
145	399	1.8854828126372172
146	163	1.6821692307155898
146	176	2.428527403817171
146	181	1.2141192188749312
146	191	2.1843936592371933
146	295	2.22696236651129
146	339	2.1404990801623667
146	350	1.659873663257048
147	218	3.643797579531703
147	226	3.7110151024635236
147	260	1.7633578512308603
147	272	2.169272775544625
147	293	1.2095774956514016
147	330	1.7289336464150336
147	432	2.084295542797952
148	167	2.2447612145574647
148	226	1.2720867421057045
148	227	1.8692765901963178
148	310	1.2892438057631839
148	324	1.7781541744100573
148	414	1.597133870593039
149	220	1.7440422433841158
149	326	1.8913252246676129
149	359	3.3639924846291507
149	373	1.4099214479565494
149	376	1.7871887158769846
149	387	2.441189437591906
149	391	1.880621850003157
150	153	1.5638929615638335
150	182	1.793984740485588
150	211	1.3246085345898457
150	342	2.290713398963449
150	366	1.4943855487489504
150	369	2.266784004156556
151	174	2.4528367025064526
151	223	1.9447700923825426
151	224	2.1863676708301485
151	234	1.5296752694616462
151	334	2.956342726677999
151	336	1.256352829111135
151	439	1.6095951715843242
152	219	2.2037284792765046
152	226	1.789026606999406
152	245	2.4918661750925803
152	259	2.2420078991818286
152	266	2.345553302294374
152	272	0.7541772397915608
152	307	1.436698669528379
152	365	1.8849641250001437
152	442	1.93749642681682
152	447	1.4136417097192036
153	355	2.0062658304967753
153	402	1.4427586115229558
153	417	0.6748411762614485
153	445	1.7426079529596157
154	156	2.2137214794583695
154	197	1.8806537630307258
154	307	2.4760735862178427
154	372	2.281181194939989
154	398	1.6436183798433008
155	157	1.405761339302654
155	214	1.9227588157482491
155	220	1.2401824142788478
155	284	1.8782636401340551
155	302	5.927395116133162
155	350	1.9124729277106285
156	202	1.5053797593499294
156	227	1.508549013985168
156	325	1.3609584582975813
157	262	1.9711620622502053
157	358	4.803610670991679
157	391	1.599553559607031
157	440	1.9232400930857945
158	250	2.498201232885017
158	303	2.0563495459521177
158	343	2.2343102116756004
158	382	1.3205357634687336
158	385	2.251434298163158
158	399	2.3980507389768935
158	435	1.7324719726151447
159	236	1.3930816546559068
159	261	1.6492752421855825
159	276	2.121655939830273
159	338	2.901991047575666
159	341	1.2321319489513538
159	420	2.283475202197188
160	239	1.7943779423518533
160	242	1.3064419863839345
160	247	1.69878854490485
160	252	1.930219124755268
160	282	1.4695616984943844
160	389	1.550153795474134
160	401	2.2572859105285836
161	164	3.8735840279364027
161	177	1.872435641924067
161	207	1.1610143696680655
161	259	1.5332153870074425
161	265	1.8885233519060314
161	283	2.4558527817929727
161	286	2.199090169437288
161	372	2.215496081247323
161	407	2.3868603864359734
161	416	1.9334465557686724
161	428	2.117689343687651
162	217	1.912455636441501
162	238	2.233815483479797
162	302	2.431454718544389
162	374	1.3556634848000368
162	422	1.6128898589154328
163	205	1.4357683377129868
163	217	1.703818578706824
163	297	1.8291981733001639
163	329	0.3590439270651863
163	397	1.3102552474492515
163	437	3.845888443765382
164	169	1.5598845599833107
164	177	1.4546545530933757
164	187	2.221654523203979
164	234	1.4691638945448195
164	259	0.29343121102579467
164	282	1.3703219956520258
164	298	0.9219301236149786
164	300	2.33792363801254
164	316	1.4449207315322965
164	318	1.5459362837737711
164	404	1.2959067647082867
164	421	1.231691674293672
165	168	2.0100133794480355
165	242	2.3740090894779327
165	298	5.870028030893103
165	346	2.056484084509515
165	357	2.057062758402496
165	433	2.401931021724152
166	221	1.8717392400549135
166	222	2.8743973015628073
166	234	2.4875205667477234
166	254	2.0884969549093633
166	419	3.3508342116238543
167	198	1.371524282927107
167	218	2.1212638592610817
167	235	1.3707434379375354
167	432	0.21194167104343895
168	204	2.467483434193001
168	212	1.541498498527087
168	298	2.2494174229775803
168	326	1.5039020220548933
168	433	1.428822444544884
169	173	1.5540537655035083
169	207	1.7359990851040994
169	315	2.4189431507735515
169	328	1.6159985725904347
169	375	2.4419873790430477
170	202	1.8143923094403345
170	272	2.285832695767895
170	313	1.8838563396491033
170	432	2.02407096418222
170	442	2.48763880384353
171	208	2.151837417205141
171	348	2.419667744184744
171	370	2.4238149532237165
171	428	0.3935588720552653
171	439	2.293501817250367
172	235	2.0289148059076836
172	272	1.565708284278417
172	307	4.047501227277465
172	324	1.933451228716497
172	365	1.5303881524280747
172	410	2.377380756404311
172	424	2.281436747353956
172	442	1.4409495351286845
172	448	2.108321752621389
173	186	2.486306527695091
173	285	1.79768095493645
173	294	1.8212746967443358
173	368	1.9598873807263497
173	377	3.351361128878277
173	378	1.8795429297193254
173	401	1.4420892625709232
173	437	3.247029211703505
174	192	2.201185569162937
174	204	0.45712459171500297
174	228	2.473316114977038
174	278	1.6702755209451432
174	334	2.3180861454199797
174	361	1.5274050219684878
174	374	1.9793861532956512
174	381	2.4681736842044515
174	433	5.836637089521418
175	334	1.3546778338059968
175	347	2.479168592398471
175	374	1.7325206597585598
175	425	0.4163301650847171
176	227	1.517086535461171
176	292	2.1345070753405704
176	311	1.373056269268471
176	331	2.1665192873418335
176	343	0.8620063874887789
177	183	1.4928652334402235
177	265	2.4510541530949395
177	318	1.3412613645995777
177	356	1.381160224503823
177	405	1.3701406248305434
177	411	0.23182628131939081
177	444	2.4613732736399294
178	194	2.2261409087953585
178	200	2.4814240443860713
178	276	2.230924351654728
178	313	3.0874015582216368
178	366	1.3042012900531796
178	393	3.4660901799353008
178	396	6.003161643253977
178	408	1.9487269542758527
178	417	1.695579416208699
178	434	1.6195309699832285
179	201	1.6878046912267752
179	354	1.565167615640738
179	355	2.140199854429533
180	239	1.7911008101377472
180	406	0.9420747605564096
181	186	1.2424622837440318
181	191	1.4488460840581783
181	297	2.0406558373951404
181	333	1.9352384444009552
181	339	1.817259852944552
181	377	2.2207806588458108
181	380	1.3673036394539693
181	383	1.2887159481539947
181	397	1.2545595178837097
182	186	1.6390665666028499
182	200	3.4395902041546256
182	264	1.6019973107092147
182	272	2.021290858363503
182	305	2.2633593100127074
182	369	1.7203325363207727
182	398	1.8324752109991
182	417	1.5961694631319363
182	434	1.2963834421137832
182	446	2.0838877172237638
183	186	1.3014841299512339
183	292	2.0492745377768
183	331	3.739353527901889
183	347	1.735131791950973
183	382	1.3983393130685358
184	191	2.1136309378129345
184	281	1.3435133139625497
184	339	2.175429849006544
184	367	1.489587448516693
184	397	2.391301140345015
184	419	1.6668289422098306
184	431	1.645337123423001
184	437	1.9721596172432618
185	209	1.4923243318860477
185	232	2.4013121001275697
185	313	2.1028936931540407
185	414	1.200037772908846
186	281	2.2771058426539916
186	367	4.737825593743336
186	378	3.6493881729309576
186	383	2.4669591771175092
186	397	2.4854890160175045
187	196	3.800315210486704
187	207	2.1337011212160317
187	259	3.7861390743920813
187	296	2.1030272841128204
187	342	1.2117953713008316
187	428	1.435957290650378
188	211	2.0116267326711967
188	248	2.175943155650291
188	323	3.764602203733
188	434	1.8801765464467748
188	436	2.2607926165613357
189	191	1.2877459049107143
189	371	2.2590373590502675
189	377	2.0444411478358484
189	438	1.3444070008111049
190	199	1.8744013515503357
190	216	1.206433919241285
190	291	1.7438849911602299
190	342	2.0937356620767837
191	217	3.7548204403160916
191	229	2.4489897971830636
191	281	1.2942999224517768
191	339	2.472058920391545
191	377	2.4215311708659444
191	380	1.792048974069631
192	204	1.637406190970723
192	258	2.397163764445081
192	298	2.4477776803784916
192	332	2.0978533287141583
192	334	1.9368827674679854
192	346	1.815586944494383
192	347	1.673524464461254
192	348	2.0497561099812884
192	381	2.119418274903926
192	425	2.290313556185694
192	433	4.473502482836874
192	444	2.095315284764867
193	204	2.118490145857853
193	238	1.5641506306179147
193	243	1.7834895342052106
193	258	1.4113028933374299
193	268	1.5101005184722298
193	334	2.073748367044565
193	336	1.5926080752930638
194	247	2.4381406406226485
194	251	1.4451588571131722
194	313	3.8502704148723415
195	208	2.8513537338796375
195	224	2.254014201104284
195	228	1.3053812873067676
195	334	1.6801300668649906
195	336	1.736097533083841
195	357	2.2889293369129993
195	425	1.946812844358449
196	207	2.460555651945037
196	240	2.430340664868332
196	253	1.3282438377514938
196	259	2.2002742487961715
196	300	2.4316419238836557
196	328	1.9352711240087141
196	379	1.2216117371525355
196	405	1.9813586576596443
196	407	1.2422965846265948
197	220	2.133973191373575
197	230	1.6630790546766276
197	255	1.7880596454084592
197	292	1.7831530796436708
197	317	1.6841373713980632
197	343	1.2249543927312863
197	344	2.006415649210609
197	372	1.9157767147419626
198	235	1.7304240680690406
198	244	1.777363408488108
198	266	4.164016964297881
199	210	2.3215476663619565
199	239	2.3335969052820413
199	312	2.338250351479509
199	320	1.9866365811562758
199	345	2.4359320602147605
200	211	2.48444119984263
200	301	2.2086964944675382
200	369	1.3222747222072282
200	398	1.3957905940974717
201	231	1.5159814694047267
201	236	1.2939094631413408
201	325	2.267087902044886
201	343	1.5631372187373347
201	351	1.3736459685030102
201	386	4.217497055983211
202	250	2.360112723272475
202	303	1.5355516400994071
202	311	2.0854820646750296
202	343	1.419940506559269
203	218	1.2092892362469305
203	309	2.3446440230260617
203	333	2.0498053917402004
203	367	1.6726966039599946
204	258	1.491543701677731
204	260	2.3659544750795276
204	327	1.9592241623524886
204	422	1.6573926148364597
204	425	1.7715026239578782
205	278	1.2925992483212712
205	367	3.3685855312633817
205	368	4.0661105682416725
205	397	3.8176990944448037
205	401	1.4787809945133479
205	416	1.2348779046649443
205	437	2.3759650348302754
206	237	1.7222184213137939
206	306	1.6809376105506382
206	325	1.2234158156055266
206	386	2.264604350790525
206	392	2.2103263335404346
206	403	1.9748791150974379
207	257	2.178310521885079
207	278	2.3853485163301262
207	290	1.8703971536678146
207	318	1.8270740049909437
207	344	2.2503684002101645
207	407	1.9903487229696317
207	411	1.3420629939072717
207	412	1.3893785899499418
208	227	1.6052231016773368
208	230	2.0026895552820085
208	260	1.0238239842539738
208	346	0.5953012041519578
209	232	2.3302176458044928
209	365	3.8894177217781083
209	414	1.22154288266747
210	218	2.021618475558901
210	224	1.3285757945108303
210	251	1.4835718912773905
210	321	2.430179650484158
210	418	1.8255120355494374
210	426	2.005144444087333
211	323	2.1481871874628684
211	366	4.633470196159148
211	424	2.271858899752544
211	436	1.2183196194253305
211	441	2.2419890315877633
211	443	3.2021977977582874
212	268	1.7052563586481213
212	294	1.937472703943574
212	315	1.4245451329686944
212	427	1.304131587135566
212	433	3.4241824531406504
213	339	3.6076465139133704
213	416	3.1387142908343164
213	437	2.0629981344725543
213	445	2.293266462297815
214	220	4.098650124684077
214	264	1.6258781477133173
214	288	2.4207485554417545
214	359	1.3313460870643434
214	367	1.4435383152231416
214	375	1.4311242415985537
214	391	1.4192767405512619
214	427	2.250713880452988
214	449	2.323884622341991
215	254	3.942173566472116
215	414	2.0125642983330008
215	429	2.131757387496854
216	227	2.428154581938265
216	230	2.2352125475449567
216	274	1.9939541503329181
216	277	1.8980779385564084
216	314	1.3998608680434192
216	317	1.5195485046329353
216	372	1.5608594780626772
216	382	1.7341757541916794
216	420	3.3858506783906996
216	425	1.6490570173139114
217	249	1.6645330188001701
217	329	2.492569623517318
217	339	4.665379027665097
217	397	1.3040105737365304
218	293	1.52653438883853
218	307	2.0156749390580004
218	365	1.4693159744386972
218	410	1.6381773691511876
218	447	1.4030786012664533
219	269	0.38950207275465487
219	272	1.8807536871322057
219	406	2.148279431565622
219	414	2.2353050763873092
219	442	4.399203669414568
220	264	1.2005994697969518
220	289	4.460018176927062
220	302	2.0650258937420443
220	373	2.46073337802697
220	395	2.2102643103376987
220	407	1.73604897961714
220	418	1.6926427744753678
220	440	2.4737402359562566
221	222	1.2052819776057455
221	294	1.8296656197788037
221	318	1.4872378651536993
221	412	1.8949135461426847
221	415	4.172957949417048
222	295	2.339223851252642
222	299	1.811862064894703
222	308	1.5540316070374722
222	351	1.2500028185284884
222	352	2.318259513173569
222	412	2.0167546213946066
223	258	2.106255461600838
223	298	2.4737333988293218
223	348	2.010957095543227
223	361	1.5403986374888967
224	285	3.568063016744271
224	327	2.1882441093925573
224	361	1.2219294038229385
224	433	1.545776750356414
225	240	1.7562507300869896
225	253	1.5048022993171066
225	335	1.8962682344777333
225	352	1.4749288406159726
225	415	2.023718473139641
226	232	1.330189644336633
226	239	1.9503903536281166
226	324	1.75583981952084
226	410	1.5675589013885793
226	424	1.408232521630052
226	448	4.526137427176168
227	236	1.9061783274211483
227	344	2.2765024202947712
227	372	1.2000898093881884
228	327	2.4010226733106528
228	347	1.4793030728628374
228	365	1.7113128256994719
228	370	1.2516826954879605
229	272	1.7903264339441347
229	420	1.9841173473902114
230	292	1.4755868579388007
230	303	2.168491168966064
230	305	2.4264491295817656
230	353	3.677994349032888
231	244	1.5693921526141619
231	295	2.390972670112552
231	378	2.4210926392185836
231	401	0.8155139612587536
232	235	2.3417990825745143
232	246	2.4891864771503243
232	286	2.1027087067212826
232	349	1.3832881887674688
232	395	2.467425907290235
232	413	2.0607706642924106
232	424	2.2906186345400394
233	240	1.9124937553736392
233	254	3.2249352036650536
233	263	4.38019770278773
233	304	1.6855953824158527
233	308	3.5675982350506352
233	335	1.6680540181449388
233	390	1.2025181376518048
233	409	2.398196802645317
233	415	1.5202224612992934
233	438	1.9119775233273182
234	253	3.2400065867944043
234	265	1.3095209013532456
234	316	1.991327584662757
234	364	1.873122339482042
234	379	1.4779885689433516
234	389	2.306706771602502
234	405	1.9746292145676763
234	446	1.425497760582662
235	246	2.0677084517193878
235	365	1.1391513282681613
235	413	4.130469950464355
235	420	2.0488595990418093
235	424	1.4631188385957226
236	275	1.6893049814912122
237	386	2.0493087100775984
238	288	2.9786698244725565
238	326	1.5075174418767128
238	395	2.54176874254846
238	427	1.8916209016872565
239	251	4.078315474678087
239	400	2.2843609215104923
240	254	2.420967663442816
240	335	4.061064253111389
240	409	2.3821565658840957
241	276	3.468869934431517
241	287	1.4492065982133826
241	366	1.8398844415096722
241	396	3.5243813368371075
241	402	2.0377332942184236
241	436	1.2588053610117556
242	248	1.4209422681478543
242	298	1.9304536853765755
242	426	1.3762502827179606
242	446	2.0382667242472143
243	267	1.8746450810145778
243	285	1.6678539276441362
243	298	1.8449764836735945
243	315	3.119626303671456
243	332	1.6266170491538916
243	384	2.3768252397507386
243	433	1.317707228455599
244	369	1.665118745128675
244	377	3.9612486293784896
244	437	1.5101207486737402
244	441	1.942608570434372
245	249	2.4506317295077067
245	293	2.2601705873147413
245	307	1.224807966456179
245	380	2.349010329271646
245	414	3.393347151130537
245	432	1.2405892025494547
246	394	2.243163592767874
246	410	2.010620428057932
246	413	2.2786858428210133
246	424	1.3498448511258923
247	275	1.572054411709337
247	291	1.7449282422403556
247	313	2.373076328653652
247	345	2.002188688318131
248	262	1.8928287310664187
248	333	2.1609993895770536
248	338	3.252857643804826
248	392	2.389142200100797
248	423	2.43758687737321
249	367	3.5099953183550383
249	383	2.141762706518653
249	437	2.3228376248631086
250	343	2.350459679101543
250	435	1.7394027267457024
251	291	1.2415948074955963
251	320	1.501568059561443
251	345	2.2177661707374363
252	321	1.3632927308462803
252	418	2.283280797227576
253	259	1.956936042148027
253	283	3.5289820463170574
253	290	1.2844970186576241
253	300	1.2109399913863976
253	318	1.853437051868446
253	428	2.2833598547251492
254	409	1.5205360651083133
254	433	1.7516392318638463
255	311	2.429704614070931
255	353	1.2443393590268608
255	435	1.8453428648611705
256	382	2.3916936207751713
257	286	1.9507287452629294
257	300	1.4492239036709005
257	342	1.6050207184136764
257	379	1.9522124230467104
257	428	1.923695882315931
257	444	1.3227877524299396
258	336	2.3175603050309816
258	363	1.9084939636318463
259	286	1.544776134811802
259	405	2.0107471429354007
259	421	1.6433149478174773
259	428	1.8708049040702885
260	290	2.0126386172945843
260	334	1.9575039866772947
260	381	1.7053081519259532
260	439	1.4476531458575346
261	271	2.467508763815922
261	310	2.1769506857738192
261	355	2.375970683834936
262	271	1.467764307762496
262	273	2.216805101422918
262	302	3.8512458328864136
262	319	2.464383664492223
262	373	2.411634743466937
262	381	1.5880476023734218
262	427	2.104593201833436
263	352	1.7677508541445348
264	288	1.915500984300057
264	289	1.6932357076512625
264	302	1.299134396885596
264	395	1.9093608103750075
265	278	1.3715369855127126
265	342	1.4869193041166355
265	364	2.159372567324965
265	379	1.286000291842992
265	396	2.241325674175733
265	428	1.7995600453923783
266	310	1.8968966805616543
266	316	1.8569374918360175
266	420	1.8463334589148213
266	442	1.6332791544762162
267	354	1.7798827827934334
267	409	1.7613884410824054
268	277	1.471641181949213
268	358	1.9552922030451745
268	370	1.3565876647962194
268	433	2.3588952820930054
269	274	2.339187834450983
269	410	1.7731096169979845
269	413	1.4111956456138144
269	424	2.3829703246225993
269	447	1.7450777071722658
270	313	1.6501314386272314
270	394	1.994213450267447
270	426	1.3104885757751255
271	299	1.3205218565519128
271	309	2.112352537626372
271	340	1.982667191722602
271	403	1.3618210928322696
272	307	1.9643944064763117
272	412	2.087051962624704
272	447	2.778476204458425
273	288	1.436093799459091
273	373	1.3746539327007
273	376	2.377437663536938
274	293	3.2734762998848725
274	305	2.097891884704182
274	324	2.3353236175398093
275	345	1.434309765425079
276	301	2.226064650380395
276	323	1.386882038730047
276	365	2.4767238915442613
276	369	2.3912288809746656
276	393	1.2113375634274752
276	402	1.5569415189370606
276	433	4.059123814628482
276	446	1.4895402165166907
277	298	2.0321793263609242
277	384	2.3957277023409866
277	425	1.8085640154736553
278	285	1.4159557367741122
278	292	1.6136629296145428
278	300	1.2926484095975235
278	317	1.4376420440230984
278	432	2.164149168026059
279	293	2.373649138307099
279	376	3.8226504094120055
280	338	2.4732719430349888
280	341	2.0026882325118454
280	392	0.7802859758783667
280	393	1.6091031820998853
281	294	1.4681751792025342
281	329	1.3649206042539588
281	397	1.8541020447815506
282	316	1.5899049539126464
282	364	2.3046918554647995
282	379	2.1651212660118575
282	421	2.414758521264976
283	318	2.3755955102134805
283	444	0.5575893956700156
284	326	2.0549109545227173
284	349	2.123530200928545
284	350	1.4777673939267781
284	358	1.625372804907415
285	298	1.495085474120359
285	327	2.268093886964693
285	347	6.17893237047424
285	381	1.6952420349823822
286	318	1.6858201387594598
286	404	3.601789075350665
287	301	2.482750591863595
287	396	2.2720314022454753
287	398	4.810320515012823
287	417	3.7805002547949162
287	443	3.6841286378010736
287	446	1.3802748441621242
288	375	1.2588282798534642
288	449	1.9818864011825172
289	302	1.7469449665895438
289	326	1.7287734583243544
289	364	1.5617511678012566
290	385	2.0029542916374647
291	320	1.5571248432678633
291	324	1.8122575071553026
291	388	1.946978441311842
291	393	2.37961868359853
291	401	1.6544594144780913
292	314	2.3922271450548287
292	353	2.0439936233447007
292	399	2.4300159249817126
294	415	1.8037597585279275
294	429	2.2936887496261122
294	438	1.360619152665822
295	368	2.223584848158887
295	380	4.568405961693154
296	297	1.992957578795902
296	379	1.9484584319203377
296	399	2.157626966394308
296	407	2.173075203036376
296	441	1.252416566987558
297	378	1.754488815625633
297	437	1.7232230440742085
298	334	4.661365415106484
298	336	1.647926805589056
298	370	1.9141321705061434
299	362	2.024229101918918
299	419	2.3301302636611885
300	314	2.4502925102649202
300	428	2.00768751072299
301	393	1.9819124176171843
301	408	1.716785481065371
301	436	1.6190126735202097
301	441	1.5972704245072555
302	350	1.7365055967974246
303	311	1.7251924690810303
303	435	1.4901246454764137
304	308	1.407939122098495
304	372	1.2609522377516782
304	411	1.642800839224574
305	369	2.325637903813951
305	403	2.215261592202592
305	443	2.2231274266498207
306	338	1.9387116608089294
306	341	1.9736557355856776
308	335	3.3298867566221664
308	362	1.7612109949239332
308	363	2.0720898472137526
308	381	4.281245833596506
308	419	3.379604534148978
308	423	1.9108198341594753
308	447	1.4286388072559881
309	351	3.643826877542132
309	354	2.3776000247186024
309	421	2.21307884847901
310	319	1.3100439854865167
310	410	2.155769268950218
311	343	1.217919116120299
311	382	1.0338084698827479
311	384	2.09044454446599
311	399	1.37552941469748
312	331	3.4725569469517352
312	360	1.8209906991631355
313	320	2.1546888054039077
313	321	1.5526069171210488
313	329	1.9930856916006177
313	388	2.4720067775930117
313	408	2.4542736844960853
313	418	1.9476010016221332
313	436	1.3457057584813232
314	372	2.2317158049313903
315	374	1.931498392745037
315	384	1.8126677307207144
315	425	2.4272580098602825
315	439	1.9620304340973993
316	404	2.383213318248716
316	411	2.0279365143909724
317	336	1.5222351790423878
317	344	1.2897251319958705
317	345	1.4306853303530735
317	372	1.6649369277983586
318	411	2.3896138308273893
319	365	4.371056659186165
319	414	3.696414645497315
320	321	2.4490042835558903
320	345	1.7974909942992232
320	389	1.99686893218899
320	426	2.348018052956769
321	340	1.2760523026938346
321	387	1.3801352662978834
321	389	1.6031597936336994
322	326	1.4774926556162895
322	338	1.9126917689004042
322	391	2.129029000329453
322	438	1.3626724024940866
323	390	1.6250265993566053
323	393	2.309762314524887
323	445	2.239921634775488
324	365	2.1172271931059488
324	406	3.1921096602658343
325	345	1.73762800396882
325	386	2.2954968553499544
325	392	1.9285512884401865
326	349	1.6972205912766225
326	386	1.463486992960457
326	391	2.371383559819135
326	440	1.462461429276602
327	334	1.4312321965010477
327	336	2.0187969559375
327	337	2.132263977882815
327	361	1.4486647304381304
327	381	1.894625482979587
327	384	1.8376103924024512
327	409	2.395808944778822
328	366	1.646405048076435
328	393	1.4457954059666993
328	417	1.5161049610465354
329	416	4.768063480220968
330	369	2.4540449911384687
330	391	2.1201578157370826
330	402	2.3556350365706296
330	417	1.2747550917366137
331	392	1.344610732295205
331	399	1.5310361622078326
331	420	1.3608865114470765
331	435	4.35446944977743
332	336	1.4899181980223721
332	433	2.2585609969997487
333	354	1.9347157061020033
334	356	1.85889707744311
334	374	1.3294640812354113
334	439	1.251145449265345
335	352	2.31797151626718
335	409	2.464720863401409
335	423	1.095511491739819
335	429	3.488665878033892
336	337	1.9526112096735764
336	433	1.590839994825324
336	439	1.959633245577764
337	346	2.092164841416327
337	381	3.980217567143347
337	411	0.3511448526081927
337	439	1.7160313360951511
338	351	1.5228235918600967
338	403	1.2415708602718185
339	397	2.004444254469211
339	437	1.2856881949034922
340	354	2.4892821536556786
340	400	2.4840568319342085
341	351	1.791121165879459
341	355	1.6192078948774289
341	403	1.4867772768809286
342	379	1.5136258148077526
342	404	1.2827028062208616
342	444	1.9942390739133766
343	344	2.480145443546974
344	368	2.065666125898032
344	382	2.4849032209749558
344	420	2.379937331675341
345	387	1.784243577028187
345	394	1.3082468724609848
345	418	1.6251628157499542
346	347	2.098286550978026
346	361	3.543513625004831
346	425	1.6422753363550098
347	381	2.2820846106716655
348	384	4.536810018323973
348	427	2.2607601025490203
348	430	1.268669764604482
348	439	1.2878405776740074
349	359	1.9138062403873453
349	385	1.544090234999731
349	427	2.0900778186358577
349	430	1.3333545656016734
350	359	1.7347749201917546
350	391	1.9017313426210931
351	354	2.101383776794444
351	403	2.4328887909066563
351	439	1.2362518447045847
352	390	2.401753612708142
352	412	2.064590881975523
352	422	1.8501771778528229
353	357	1.823756748122949
353	379	2.053295912246881
353	393	2.099475071149576
353	435	2.3820016677591536
355	386	2.3355896791700865
356	388	2.2942957476846093
357	370	1.316498231652261
358	367	1.2835061547999156
358	375	2.0470983698355454
358	413	1.6611421755590599
358	440	2.270155880188474
359	376	1.8614303886550014
359	440	1.2754787831677679
359	449	1.2895728389153738
360	419	1.2220698589798
361	384	1.9518638659742242
362	422	2.4959879324336267
362	438	1.5498832342210405
363	422	1.9116964072035958
364	385	2.2585126353909244
364	404	0.20059009403846723
364	428	2.005322415962948
365	413	2.127491892147722
365	414	1.527516835293698
365	442	2.082319392034668
366	407	2.046640260695778
366	445	1.7774067960269333
367	382	1.302864026636928
367	395	2.0725850751073955
368	383	2.3900626273965297
369	445	1.6028705023940955
369	446	1.523154267398899
370	433	3.294270548581281
370	439	1.8233869807445768
371	440	2.2499888638703123
373	376	2.2220654798849573
373	391	1.8430293964906557
374	430	2.109576976215853
376	387	1.2730528675936887
376	400	2.061584624656354
376	440	1.3333466241388245
377	401	2.4027789340760304
378	383	1.9662540745579224
379	385	1.4588272288254456
379	411	2.389325251387607
380	437	2.0955846463462326
381	436	1.635504057126876
382	420	1.6607979335878011
383	416	0.4820087361509017
384	433	1.2543911452183933
385	416	1.7704932198499725
387	389	1.7229372510195018
390	401	1.2478928251637538
390	422	1.0680474429275095
390	449	1.4900530491421493
393	411	2.041880959214321
394	403	3.1557684821638965
395	440	2.8652765322617295
396	398	1.6684656779644538
396	436	2.0705337588368886
396	441	1.2819156160001564
396	445	2.2403429189598536
397	401	2.294090759752951
397	416	1.797397181020659
397	442	1.2061521486311768
398	436	1.9251206201573816
398	446	2.1566600166308993
400	440	1.8855244690471213
401	408	1.0349293006617228
401	409	1.6603578273012738
401	431	2.485491869499106
401	437	1.4289238019560524
404	444	2.2024753031142117
405	407	1.4079289859169244
405	428	3.854394036464723
406	413	1.2952747533748896
406	414	2.064257557112716
406	447	1.5640537867439719
408	443	1.8227341710671108
408	445	1.8461218370875303
410	424	1.4230467041743204
410	432	2.2178811747705476
410	442	2.3740726523579117
411	428	1.5222917479990832
413	428	1.8318648803014193
413	442	1.3174225719254269
414	432	1.670072335555343
415	422	2.061623209085016
415	424	2.2091480156266954
422	423	1.904024157840324
424	432	2.0316111511680344
428	444	2.7447234083337446
434	438	2.195716101028012
441	443	2.136306188019271
441	445	2.0466683892312982
443	445	3.065269569955172
