25	42	1.732791936442423
38	43	1.6085438183457228
3	50	1.7197483342025692
52	65	2.468110308341815
3	71	2.1386674163105575
28	79	1.8657783646658253
48	89	2.3754927073957326
64	92	2.4353504331564038
77	110	2.1556819127497358
55	111	2.333756005949515
86	111	2.438356790591767
52	122	1.4658428068554832
46	135	2.3750706309447254
79	138	1.8263492411297535
117	139	4.01549998151237
11	140	1.9716633184925452
127	144	3.3056193568657726
81	146	2.312552739344527
76	149	2.3446049854366775
116	151	1.9413689935880738
84	156	2.2545785548515225
142	158	2.2029065363978875
120	159	2.1165573318737083
56	160	1.8050811546440348
90	164	1.2775318256657848
54	166	1.962811220261563
28	171	1.7654532150379874
129	177	1.6619855836979407
128	181	1.2652204478913074
168	184	2.149215844230593
134	185	2.4376540299615135
58	186	2.285566659626439
21	188	1.6662969468438382
129	193	2.1740782133542305
118	194	1.2556012717059406
128	196	1.8425890182321294
182	198	1.3666234511079873
12	199	2.2335657844367436
105	202	2.0749126170412833
86	203	1.809935181722604
113	205	1.422126684825266
108	206	3.765107019480806
18	211	1.3356185070262492
45	212	1.663651152003346
30	215	2.4999331787346972
105	215	1.652228189862932
43	221	1.369101435260661
85	222	2.0965339235550458
29	225	2.4089545870009657
107	225	2.3491745132800252
157	225	1.4751016815820361
146	228	2.18464704758906
58	230	1.2108721442915935
0	231	1.2083297501615349
164	231	2.1639000479401624
86	238	1.33859038012702
175	241	1.6053454510349587
83	243	1.7991377058901465
13	246	1.6359170890960095
165	246	2.423447702641742
216	246	2.4891479864876604
22	249	2.0574478788023933
21	250	1.475902157753012
141	250	2.4832334709336585
145	251	1.5108030056320891
77	252	2.3621037629920147
203	252	2.382927820641091
212	254	1.6802002685801658
2	257	1.7472157981631489
192	258	4.196621554717529
76	261	1.3110896285246416
199	263	1.3732729514558182
23	264	2.247613990172194
232	264	1.6449329372471335
127	266	2.262184316137249
154	269	1.6851868495128322
53	275	1.7007183485187016
237	275	2.3137957259074273
256	276	1.6142529215771653
112	277	2.276451182344214
240	277	1.3730064349561546
0	279	2.4964275713250537
197	280	2.427856841444326
78	282	1.5250164662196766
22	284	3.841973935224768
222	284	1.9801471185158572
74	286	1.8101627766807076
241	288	1.7519240851141467
63	290	3.8980014299974624
35	297	1.395335258471489
6	298	2.95985226675728
114	298	1.256174796894486
129	302	1.9715369840733667
224	302	1.7267998713572486
88	304	2.3674608986528325
141	304	1.7015213229857702
250	304	1.3729904721805783
177	306	1.410806845925682
294	306	2.2316110244038745
65	307	1.2178814949453511
86	308	1.6588252508573778
269	310	1.5031342728325638
283	310	1.925233514278021
68	312	1.9267243362822386
89	312	1.3574505396398004
31	313	1.5544497574995884
83	313	1.3120729934101036
85	313	1.6636245328671686
104	313	2.3579842063757654
128	315	2.3466890598083228
166	315	1.2135249821743042
179	315	1.2852107668339932
223	315	2.4035732464897324
64	316	1.295852823788838
205	317	4.483840194163703
171	319	1.7468115151169978
60	320	2.228240486708618
152	320	1.6249603870031732
183	322	1.445908414677803
220	322	1.9269296046031732
147	324	3.209040678809693
32	325	1.4572473941340505
206	325	2.0801544891779136
118	328	1.4812845104156769
48	329	2.0244280857511456
189	329	1.4552771903141424
187	330	1.939516263717696
159	337	2.0961504928866534
268	337	2.105596130774555
73	338	1.8424146337300256
238	341	2.4614685168265
113	343	1.6947255880518939
314	343	2.4615962024725464
85	344	2.126610876680126
147	345	1.4703121373303873
282	345	1.3799411937548545
284	345	1.383510894516277
56	347	2.4426585300062644
118	348	1.7350681863769513
24	351	1.4507272649088985
297	352	1.511199224565882
298	354	2.275783945756009
259	355	1.202818197253563
38	358	2.00938169948389
182	359	1.2771924943774944
305	359	3.6383670830622457
352	361	1.6329397094805103
23	362	1.773554676305082
0	363	1.7010993473812608
153	366	1.4355137027108578
318	367	2.4834081432093353
278	368	2.126566718811719
237	369	1.847156405575254
238	370	1.7368207003508256
75	377	1.3067578191875648
184	378	2.368575551876881
143	379	1.2273562015024027
114	381	1.2949159503161647
115	382	1.469852828177911
287	382	1.6638213792413499
52	383	2.2396962572350034
209	383	1.4015605054806182
194	384	2.349552907921648
216	384	1.5897290682612781
347	384	2.102415618345003
5	385	2.2601472001932246
8	385	1.7110999274096579
286	387	3.542380077596295
211	388	2.144422417208453
296	390	1.9229027954800437
123	391	1.4236326889378639
20	392	1.2614696990881353
131	393	1.8321178938579012
38	394	2.05438497502588
163	397	3.6676449951836103
245	398	2.339965015361691
54	399	1.7086721782126326
117	399	1.9229363278995673
311	399	5.794747855928595
106	400	1.8205623290829385
138	400	1.3551456168920564
23	401	1.4701832836084652
109	401	1.9907523704959242
250	401	3.9039234263882077
96	402	1.3759647700831534
139	402	2.396640373024346
187	406	2.2632455619312464
165	407	1.4563439825452802
185	409	1.4952730735290944
396	409	1.4167394138546097
193	412	1.385406733348311
293	413	2.3851161510884795
311	413	1.867161906611956
320	415	1.544336923735432
284	416	1.541695799489149
385	416	1.9718149601198056
393	416	1.5854605137252036
417	418	1.7682208737807783
55	419	1.3438535855901734
324	419	2.413427437006611
180	420	1.9684836951637674
209	420	2.4276877596975783
362	424	1.5772766501072735
17	426	3.6179367236410807
110	426	1.2005531494458745
120	427	1.5386369549032568
390	427	2.1721854244414014
372	428	3.8794027536862394
64	429	1.4388067030569587
81	429	1.9868426157406407
307	429	1.269791413515473
176	430	1.9483670611301878
196	431	1.4672693920302757
391	431	1.4026213561726795
325	432	1.5393199829853919
412	432	1.2521340352015038
122	434	1.6819558452450027
157	436	1.7828234326739856
309	440	1.5426085669852452
8	442	1.5350280057392305
102	442	1.2704180762589983
54	444	1.7547533032778881
203	445	1.6366295548502903
370	445	1.3372089463667618
433	445	1.9228172897525424
233	446	1.5057600267724633
305	446	1.3318097205506243
400	446	1.428400506124047
125	450	2.0928315700308917
149	450	1.9615934962217607
207	450	2.348064770542631
220	450	1.7686615815843956
282	450	2.3407102801827113
292	450	2.025430160538518
326	450	2.2543991439923134
352	450	3.7981944240791266
396	450	2.198882330679331
2	451	1.7389011225383053
101	451	2.4564168406091236
142	451	1.4083515464470402
161	451	2.199417009074085
207	451	2.0964619905683097
319	451	2.0310441968669757
325	451	2.1435200334673903
340	451	3.224744613243898
359	451	2.045323550445553
381	451	2.2922289757844827
2	452	1.2216418429334375
45	452	1.3829095681068186
161	452	2.1565758902620185
222	452	2.4550716266534773
250	452	1.4791671255490966
254	452	2.1099146637669692
284	452	2.048077849140139
290	452	1.2373167127136115
300	452	1.351122919319338
313	452	2.0349842554425224
425	452	1.4700483055444897
0	453	1.8462580142518794
58	453	1.7742674941363326
63	453	3.5792022338067997
69	453	1.821941889249949
135	453	3.4273059383968385
291	453	1.5535881056687417
340	453	1.387178303409827
377	453	2.1099915715448003
422	453	1.430093802200118
64	454	2.204953292292186
70	454	2.484263466768053
94	454	1.700033462026786
146	454	3.7603208304440097
261	454	2.3087109609840115
278	454	2.013859675035178
301	454	2.490031920935215
316	454	2.0960134392039915
372	454	1.3628015596916063
10	455	2.43178223360066
61	455	1.4673751091741007
120	455	1.3907285335612865
153	455	1.3559554507635265
178	455	1.46057837931031
205	455	1.786526120648799
231	455	2.020335216614069
360	455	1.5330384600698663
363	455	1.7206495277500355
17	456	2.013482816728275
25	456	1.5224267277040298
213	456	2.1503153685307614
227	456	2.2914824710683264
275	456	3.330128749618912
309	456	2.3579353047795357
376	456	2.050809140608887
25	457	2.11542661225621
39	457	1.4543941444479889
57	457	2.2021496137064753
162	457	1.8476419249824312
173	457	1.7879181571757683
175	457	2.4721657200522253
226	457	2.3435892001828487
251	457	2.3274455421759823
270	457	1.8174262566180919
303	457	1.3948024125212093
364	457	2.187440107331983
407	457	1.3004484004004853
440	457	1.908359834642114
81	458	4.1731916050779425
92	458	2.2379255322701392
143	458	1.8284758773209
228	458	1.3819519632455226
232	458	2.077082756390965
278	458	1.3472240180707038
339	458	4.30527914211206
363	458	2.1392784917809786
372	458	3.6156022377717125
373	458	2.0951217611727904
406	458	1.4626724404312914
438	458	1.620686319308724
454	458	4.025662673175852
6	459	1.2135132509782933
32	459	1.2903950077720487
142	459	1.4772293791002349
330	459	2.3541679224630743
340	459	1.693231318284795
430	459	2.3902148995846257
44	460	2.379635843171271
66	460	1.5150077599917156
80	460	2.1390085361055426
119	460	1.9170239303558314
121	460	1.546017743382104
152	460	2.1852579577542763
203	460	2.058437048683845
252	460	1.938860676469567
253	460	1.412385860585351
257	460	1.3488562864720568
320	460	1.3285984576094347
341	460	2.3475605133013833
389	460	1.3057283838209826
411	460	2.3762597491547406
431	460	2.1464135697356426
113	461	1.9003055991637972
131	461	2.215849809429953
159	461	2.2846124296193726
205	461	1.8395508138929557
239	461	2.016841776133135
263	461	2.025001064926287
268	461	2.077351556955442
269	461	1.304013938740084
335	461	1.7401749647284108
343	461	1.4291730172256636
366	461	1.3468415306397448
370	461	1.8641913153523542
459	461	1.4457990622992711
5	462	2.0380573642487843
77	462	2.2970767943864185
111	462	1.8613579610996283
121	462	1.8425975185393013
238	462	1.267920461531006
249	462	1.9656078785139868
341	462	1.9047583637034324
389	462	3.376460327936849
14	463	1.3513261852664813
63	463	1.7845037092650262
101	463	1.238516662336203
119	463	1.8165237894221908
199	463	2.174633594744811
330	463	2.4104843461451066
430	463	2.240325799327307
446	463	1.5154490669715128
459	463	1.7204225630036123
46	464	1.777030235780629
51	464	1.927165110552984
63	464	2.0018245619507287
69	464	1.2697311979847572
133	464	2.4010308353535486
169	464	2.2838978042953055
264	464	1.3318002086968217
273	464	2.23437108263451
345	464	2.2247406471010835
391	464	2.222139460356922
424	464	1.7161520175156801
225	465	2.0184121827268116
283	465	1.68222066210376
317	465	1.444898027153165
335	465	1.7452218050723887
337	465	1.3761813339754665
390	465	4.131909610223643
393	465	2.0111205109189823
434	465	1.724566458780588
18	466	1.3443549345570938
84	466	1.5363858456073038
282	466	2.126504893889851
327	466	1.5151760273395918
346	466	3.3869542458168644
348	466	2.4731111097353926
361	466	2.069231333047927
365	466	1.6767847135606884
384	466	1.817395863470873
389	466	1.2830145115714575
7	467	2.2102942509873884
38	467	1.8300815835461743
41	467	1.3991367187162016
43	467	2.138853639174638
68	467	1.550859088411566
73	467	1.5701498333979997
89	467	1.5515009323469477
211	467	1.6682349566252426
221	467	1.45659308112573
286	467	2.438568286912699
312	467	2.2410356632810116
424	467	2.442682736962804
426	467	1.306156803232058
8	468	2.380927263526835
24	468	2.2085300261467555
37	468	1.5626701207869655
58	468	2.305022615297042
120	468	1.745414983316469
172	468	1.8137853562860404
178	468	2.40415128450992
194	468	1.2470686470989407
214	468	1.6733034995948919
268	468	1.737208817045385
317	468	2.343756299468028
406	468	2.127688954093973
415	468	1.3588200116617213
212	469	2.100558303676823
271	469	2.2383608643812276
284	469	1.874190953574927
336	469	1.8522580630829841
423	469	2.107511413543377
425	469	1.403220305003746
12	470	1.2112732061148819
52	470	1.60304004023828
76	470	1.2917565203619807
81	470	1.4031858083095892
126	470	1.274226738961393
184	470	2.1094947208166595
222	470	1.4648243818997615
232	470	1.3878265618593217
266	470	3.6351462944570763
267	470	4.159348672797998
300	470	1.2239169390538138
345	470	1.361616887488946
452	470	2.4388953543534
454	470	2.4813871644185395
8	471	1.4446312657967344
155	471	2.1392881725000144
175	471	4.177282620810962
227	471	2.4921691194178526
254	471	1.702209013210452
364	471	1.6005053116869268
384	471	2.4537080134407554
412	471	2.3633640111174286
39	472	1.3706881864531382
119	472	1.5124298829522105
177	472	1.7568568437135705
197	472	2.236980658561871
203	472	1.8200943236763645
224	472	2.2654571444490825
257	472	1.596709238897225
281	472	4.4401326892792925
460	472	1.5880254673509198
59	473	2.3700491495906175
77	473	1.896824433758177
91	473	2.0700281370835416
107	473	2.1879323096350007
177	473	1.7714222281745997
203	473	1.5121149679624732
219	473	2.1885206223842726
224	473	2.045278087643033
282	473	1.9184376247784194
310	473	2.145044867280257
318	473	3.541840309675572
341	473	1.2409505525844902
414	473	1.2252658976101032
445	473	1.6178678931402537
472	473	2.1249244753502357
46	474	2.464362932660902
68	474	2.194548039016156
191	474	1.5750268184441818
291	474	2.0888389122628173
365	474	1.6506064277820753
397	474	4.093540149898018
55	475	2.278350112707193
63	475	2.4894723868798976
75	475	1.77953041385654
96	475	1.2836797161049625
100	475	1.914442785566013
116	475	1.9231808175286262
125	475	1.985596157388142
131	475	1.2376084912921665
164	475	1.8844498206966813
191	475	2.1333662167623095
295	475	1.892932588213144
2	476	1.863141843757974
32	476	1.4888237766873338
101	476	2.2792002402892955
105	476	2.2115416677260353
124	476	1.5904277796121653
146	476	1.2239089300990045
157	476	2.2380152529180455
176	476	1.9412743782652733
248	476	1.27852904211871
293	476	1.3418674056440019
361	476	1.5668008270193094
407	476	2.3268735077587253
28	477	1.8028166870447477
32	477	1.4232954245093923
162	477	2.2959392187150476
234	477	2.2432433833519703
410	477	1.3417022192657355
436	477	1.8139345686132704
6	478	1.646593205337161
68	478	2.144325437039195
104	478	1.6751798866120753
141	478	2.392931728597697
254	478	1.3722909602612245
258	478	1.5939106636159641
271	478	1.86057375831707
313	478	1.9973531185636313
369	478	1.4790893610484153
425	478	2.287738151137105
443	478	4.273010882587587
448	478	1.4753164751810355
469	478	2.3666903156117804
2	479	2.0275778795618784
110	479	2.1127924334094517
176	479	2.241023752041693
200	479	1.6505996904201128
233	479	1.6787410156564964
45	480	1.9451516255854706
104	480	3.291454790463569
138	480	1.6278120934186273
156	480	1.8307728803528325
243	480	1.6990577426154028
249	480	3.1762284100924747
271	480	1.9033878553190178
300	480	2.2036995876720393
304	480	1.8288785766888889
373	480	1.5033984124059085
388	480	2.3702864938120727
48	481	2.1182836636899296
83	481	2.490605379933532
251	481	1.9895082716264505
261	481	2.2056104006037573
278	481	1.5612796487133909
329	481	1.7637931018538906
372	481	2.325129103817163
420	481	2.406611651395635
422	481	1.3343386561701451
470	481	1.3796493821279157
70	482	1.9160387959438547
91	482	2.138393871421324
130	482	2.3236136100439095
261	482	1.5461868041214926
272	482	2.3917100945858554
329	482	2.487412344363489
339	482	2.024583274055765
379	482	1.8942270414488336
419	482	1.2107341641839853
458	482	2.3631442812041232
64	483	1.3283123558212568
121	483	2.198557250624637
152	483	1.341747406401285
170	483	2.322250964720406
177	483	1.83770966948108
281	483	1.9743097118681519
302	483	1.6635235953327494
341	483	1.3940241349483793
370	483	2.470861675647175
0	484	1.989835416580193
50	484	1.5810836419659022
51	484	2.0536279961169113
55	484	1.8113243553347935
62	484	1.6136131235577518
69	484	2.243253981588538
71	484	1.721113010627593
75	484	1.6318107020372865
90	484	2.4501560039679813
169	484	1.5346029529343128
264	484	1.7720747605789728
296	484	2.07582776665365
321	484	1.9744626156263572
411	484	1.8649790304659328
418	484	2.4988035154202706
425	484	1.6291856213102966
441	484	1.9795823306892633
474	484	1.9355537017167266
475	484	1.5200595467381486
50	485	1.6728954847948418
173	485	1.3932994019014635
192	485	2.1594631277540355
195	485	1.237884536513872
212	485	2.030841566842304
254	485	1.2876399375907495
304	485	2.6892373827607527
313	485	1.314678912237677
401	485	1.361153306946057
423	485	1.8178662616526386
444	485	1.7960220710379078
452	485	1.3744986737411398
1	486	1.2134194629168207
3	486	1.2696516451330122
50	486	1.5786838001407804
134	486	2.3501279203831844
212	486	1.8791561852133611
216	486	2.0456300067292372
246	486	1.5509672203843627
271	486	1.4046617097102216
273	486	2.2137992788113907
282	486	1.9635778834577282
332	486	1.833126575192963
391	486	3.9532364643034943
395	486	2.1569931638033424
409	486	1.5947763736616236
17	487	2.283583740110422
82	487	3.502744346068292
111	487	1.426951215522603
151	487	1.7819858260283818
210	487	2.1170718238063344
211	487	1.4819359872581939
259	487	2.003350569959696
388	487	1.707597491445869
426	487	1.217915347101088
5	488	1.425046429540351
49	488	2.179340382341563
242	488	1.7371788476302754
257	488	2.4289537632651794
294	488	4.242283967317032
398	488	2.2711079958406035
61	489	1.4553096955833151
119	489	1.2876012487771062
193	489	1.6143516523781987
252	489	2.4348378401627357
257	489	3.4670995839182477
64	490	2.851852530531378
65	490	2.018661702152413
76	490	2.1887110055860037
81	490	1.888646584799695
116	490	1.8969415109107084
153	490	1.741879999031561
232	490	1.9677430921416543
272	490	1.3478501175044415
273	490	1.5671143972022963
289	490	1.321943724235561
368	490	1.214274012808789
378	490	1.3187026862039228
383	490	2.124386103365072
399	490	1.2191347010319036
486	490	1.61076410861395
120	491	1.8917033386269049
181	491	1.8273847561142
205	491	1.9574304410742287
224	491	1.9685319831130226
239	491	1.707936048161402
269	491	3.3612960050692076
270	491	2.216899071034282
292	491	2.301658262975571
318	491	1.833222330106135
390	491	2.280635713140975
396	491	1.2336786442951664
465	491	2.0668169586400844
468	491	2.178669458516356
16	492	2.0053161174944307
71	492	2.487831753341057
150	492	1.4698773922635284
160	492	2.2600285609633963
165	492	1.9276474343161891
175	492	1.6326711366631435
237	492	1.783123494322591
246	492	1.336979042981529
270	492	3.755656223233253
309	492	1.2036388830735476
347	492	1.5044831503146374
402	492	1.3519183811256124
435	492	2.157489055740311
440	492	2.407063474832353
458	492	1.8953581960917016
39	493	2.357374020043773
71	493	1.3777158061014625
208	493	1.2030280132855162
213	493	1.993449757357559
241	493	3.7571184179257355
336	493	2.453575399178204
347	493	1.7609565533850773
349	493	1.5649682033070271
436	493	1.901911994198918
440	493	2.111380009256743
463	493	1.8892982966013872
11	494	1.6160556616710862
36	494	1.2615843525994492
93	494	1.518372394182439
114	494	4.61690175559189
137	494	1.7524200131013439
200	494	4.355308292979312
206	494	2.051848967107058
207	494	1.8798907594614076
330	494	2.466143893029546
343	494	1.9096264219729495
476	494	1.4590978986842156
77	495	2.1873149546935666
245	495	1.516876241605923
281	495	2.3630871024744984
320	495	2.2368728618096236
370	495	1.4163884324070264
389	495	1.8138157960202248
439	495	2.111632876760617
10	496	1.4102617529821575
16	496	2.0375836684347597
70	496	4.52159011412639
92	496	2.077013352825521
126	496	1.5565884083566617
146	496	2.2982022925885923
355	496	2.376765193120649
420	496	1.5798087716917615
31	497	5.117315007175209
109	497	1.8456175110658815
116	497	1.2334185173964631
132	497	2.37263712419477
250	497	2.1476465187279974
300	497	2.4747453273860316
313	497	1.5870981170981728
330	497	1.530832901926688
438	497	1.4464623491931927
478	497	2.2213962308225685
485	497	2.2784812496486246
45	498	2.4709342613148344
104	498	1.5225088348719502
192	498	2.3103221218777747
212	498	1.2954447120366486
215	498	2.4086256837341926
217	498	1.640738331465457
271	498	2.2868678547781958
313	498	1.3359571069817566
378	498	1.2903268599482336
401	498	2.340094200209127
438	498	2.647767609093453
485	498	1.5423557002581105
17	499	2.1321989742145204
108	499	2.394981711176247
200	499	1.3306900474191905
207	499	1.7503293997223879
240	499	1.3493609220942693
325	499	1.6530713444552905
326	499	2.294689244103516
330	499	1.2193186654763273
359	499	2.252793232777682
410	499	2.44340038802214
416	499	1.827026668835233
451	499	1.6323294700681261
