0	88	1.7162476209229107
0	90	2.11091624198932
0	164	3.9046547525257544
0	177	1.2726097953601931
0	231	3.4062875941546285
0	262	1.9086637331154392
0	279	1.054023047197476
0	291	1.4591117077346147
0	309	1.2136074374942307
0	324	2.4162613255332372
0	363	4.079797186581389
0	424	1.5134431998324749
1	53	1.403081717899783
1	123	1.9635393627647004
1	175	1.7531112167765386
1	195	1.3765436003968239
1	220	1.5110355719512227
1	292	1.460539456751671
1	326	2.187566198380134
1	348	1.9809133235463414
1	409	1.893955218664097
2	45	3.215153788067317
2	108	3.771614749781563
2	124	1.9894272309397856
2	217	1.7445046567555642
2	248	3.1834331563729608
2	400	1.6017352703943653
2	430	2.2177023019493607
3	28	1.5688619425439836
3	35	1.8924401951348186
3	50	2.961665177791348
3	71	3.9643615866996678
3	135	2.179641862730682
3	171	2.488438761228404
3	183	1.7491403488790516
3	185	2.144724111991129
3	346	1.9465526810186393
3	361	2.0295827531957285
3	391	1.777371524822148
3	395	1.3555734971463553
4	5	1.8205130439965505
4	60	1.5057702462845508
4	77	1.63975120435879
4	84	1.2069049885658105
4	145	2.1266475972916443
4	184	1.7373578197124022
4	439	2.248624435081391
5	48	1.2070106656632555
5	58	2.2502626750395702
5	59	1.710717128699954
5	121	2.4634508988326633
5	128	1.5539322024804167
5	129	1.3879028401922524
5	170	2.2934991293090015
5	177	2.1994748651373595
5	181	1.2447404676021512
5	184	2.4388115396988326
5	220	2.334742901555809
5	281	1.6725074894175727
5	385	0.6557208596446895
6	11	2.3113185465890655
6	114	1.7478349190438487
6	124	2.094360908335677
6	137	1.6724897667154417
6	142	2.427327316954691
6	187	1.301992325060239
6	200	1.4092321731013624
6	248	1.5810659620137542
6	271	1.738468901901248
6	298	2.2652879333624476
6	305	1.6874803327794332
6	340	1.8631831118709612
6	421	2.4203462407849248
7	41	1.698315947421084
7	102	2.028610003713537
7	110	1.908782145416863
7	116	2.465582661016083
7	128	1.9635225064109527
7	151	1.3672663292379699
7	184	2.493338279170606
7	210	1.3714842186077896
7	215	1.5780305502671061
7	229	2.299569800415235
7	277	1.4473052610045372
7	285	2.02592037585118
8	131	2.101633800047149
8	150	2.4305948022888715
8	218	1.9010320665706848
8	239	1.5697690924903474
8	305	1.89699075463475
8	310	3.5776533024310853
8	335	3.655397043900768
8	360	1.8355920083822
8	366	3.5362426008870287
8	385	1.3614853021424909
8	408	1.3322730369382434
8	442	3.6171726721502466
8	444	2.0926655757548738
9	28	3.9002577630777804
9	78	2.153186664551403
9	128	2.2123455978135476
9	190	1.4488379944180363
9	249	2.0796513134353662
9	282	4.574071772247912
9	297	1.851518732792632
9	327	2.0480850040133296
9	336	1.544463249653793
9	409	1.6913265605578192
9	416	2.329234510895269
10	68	2.163705471431392
10	126	1.693275744873294
10	189	1.9384088642949597
10	267	2.3351721108693138
10	272	1.630644130655725
10	284	1.934761475800613
10	307	1.2981864147111617
10	316	1.477342127955053
10	329	1.943221514076755
10	379	2.3943434706391487
10	383	4.013473571403273
11	29	2.0014388354733477
11	36	4.204757146560157
11	140	3.785462089823488
11	150	1.5014148635044413
11	157	2.2675239292444194
11	158	1.3334723732375542
11	234	2.115780918429181
11	328	1.2792824319817482
11	384	1.442625711620645
11	405	1.3896629407652998
11	410	1.418692893705382
12	52	2.21498831342318
12	199	0.19379021572890842
12	294	2.39495330196622
12	319	1.8705136494875574
12	323	1.382365849975818
12	355	1.3550914523776882
13	39	1.5600781724176418
13	57	2.3370837193939344
13	213	2.378421576492982
13	226	1.5958524371475797
13	237	1.5345013549391218
13	246	3.8452208877825687
13	349	1.50250610869673
13	384	4.70406118868229
13	407	4.0948850207755925
13	412	1.816728644584059
14	15	1.9846479245132693
14	93	1.4686519428242217
14	101	2.0373495715682295
14	340	1.465531642861985
14	405	1.2275712750725802
14	410	1.2268530674958076
15	23	1.5099748069034205
15	124	2.26309656131116
15	157	2.454839642259964
15	200	1.5488383108995498
15	233	1.7988328093450194
15	432	2.3878187993295428
16	40	2.1574987338566447
16	145	2.061347886061366
16	253	2.0484198542434386
16	275	1.7011495158159664
16	347	2.1905637003832625
16	435	2.116457571531467
17	19	2.0643194983629205
17	74	1.9460018198688842
17	82	1.5892436809505701
17	89	2.2307581013320146
17	102	2.2352113262829754
17	168	1.3066950581813086
17	196	2.0258285799065487
17	198	2.491980496446538
17	211	2.4166558111608873
17	285	1.6126607286897825
17	358	2.261940952514447
17	387	3.49592572201128
17	426	5.3236790600775885
18	41	1.9326313371845192
18	82	2.4478420551217104
18	88	1.416099051399037
18	167	2.071466482877152
18	244	1.6948394537789917
18	322	2.155625440323339
18	382	1.6740182178042458
18	426	1.2142627011221914
19	50	2.4915119930670873
19	52	1.8837304210035546
19	68	1.7752013795368624
19	89	3.7939560064181
19	103	2.0997004241095305
19	116	1.856690374106307
19	157	2.0856561852287996
19	235	1.9029892693768995
19	264	1.8011106692111465
19	286	1.2070090851666835
19	338	1.206280378385447
19	442	1.2632645863347043
20	88	2.41441362773805
20	188	1.2185030263011227
20	232	1.423302936005566
20	244	2.3345258050640263
20	259	1.3253565535966405
20	319	1.608901082509463
20	368	2.379114404352027
20	373	1.7655944490384403
20	379	2.2564683457850436
20	392	3.0398065126511433
20	428	1.5836191253112348
20	429	1.2325751466826622
21	22	2.2000952901588127
21	45	1.4689458318759954
21	132	1.2749722800998258
21	188	1.1173944356961134
21	215	2.4528201866897295
21	250	0.484890227298587
21	258	2.2228132836849106
21	304	2.4805443340510056
21	313	1.3354008346765838
21	344	3.9063455394076256
21	423	1.9356056743943593
22	31	1.95321923274905
22	74	2.1174204979980495
22	97	1.573930684547521
22	219	1.6548069850751967
22	258	1.4407311213882685
22	284	5.072410019871441
22	300	1.3927738076417417
22	311	1.5438122214487768
22	344	1.4006044885797222
23	46	4.239997536820773
23	55	2.3097876205598915
23	87	1.5207823618105882
23	90	1.6312484914715049
23	135	1.4256473455023955
23	163	1.7776963033897397
23	264	0.1550652473462467
23	324	1.621866576068254
23	358	1.308285540804366
23	397	2.077579080554479
23	413	2.180690368699217
23	441	4.288457841322339
24	107	1.5224420888518897
24	131	1.6953663488956676
24	159	3.091153160527497
24	239	2.0884847756572373
24	274	1.422604300153116
24	317	1.5702132127208066
24	342	3.9069742149850804
24	385	1.8689746810012284
24	415	1.3428290879700744
25	33	1.6213382299223134
25	39	1.5139890601201822
25	42	0.6078265778448597
25	57	1.6371011280360552
25	213	2.2293594988971557
25	237	1.6697531579393008
25	248	2.41279259722098
25	251	2.0787426872301342
25	288	2.166576855559596
25	333	2.0562573279361747
25	422	1.4472524553433344
26	69	2.3522099858829524
26	75	1.384007054541938
26	164	2.3812651940521903
26	264	1.2112897846983475
26	365	3.9002156340548884
26	374	1.5064536105078812
26	377	1.289239688066926
26	397	1.489378627428739
27	97	2.4010483652500785
27	109	1.572858169338499
27	141	1.410042083466754
27	148	2.194572935534204
27	185	1.77999559604187
27	443	1.495021791563392
28	134	1.3548101808997683
28	155	5.122002624562818
28	171	3.0984881473116856
28	183	1.7579367651155868
28	220	1.6055746619468725
28	232	1.5230162834233234
28	292	2.3400575916167456
28	332	1.845064693701026
28	341	1.6320493906667226
28	346	1.7042002704943113
28	348	1.648508352896389
28	361	2.0568901140953533
28	391	1.5178325915929842
28	409	3.8577857611939343
29	36	1.8518343100451324
29	55	1.4875649702779628
29	106	2.3460868184004404
29	108	2.3275330197179454
29	305	1.9423876345531874
29	328	1.3186255218102962
30	87	1.3884676530871933
30	99	8.262804057610012
30	166	1.7487156000726782
30	179	1.9454684571419505
30	201	1.7306654758161355
30	223	2.4266750066711147
30	263	2.1923913401459885
30	276	1.3771928014331358
30	299	2.3993674126527003
30	331	1.785383547362199
30	402	2.1353029911923196
30	422	2.0894065836636635
30	434	2.2306826135212736
31	97	2.2225871854869785
31	109	2.270494992838831
31	138	1.7573305724301127
31	212	1.9629885758999082
31	258	1.5962741896137675
31	284	1.6054683808804435
31	438	2.0931416690639684
32	124	2.3407097466865405
32	158	1.2533033946398546
32	325	1.070486485105745
32	359	2.01750907187038
32	406	1.2600482571671001
33	40	1.4402663042360424
33	145	1.8101213063999553
33	175	5.2640005614241865
33	364	1.43610347400761
34	44	2.422514169865656
34	66	2.116121296755057
34	111	2.147369351605798
34	209	1.2476459652470258
34	238	1.2032668591546982
34	245	1.4863547094705374
34	348	2.1793998493409594
34	389	1.5394026654736566
35	50	1.6599454358606596
35	78	2.219273899497015
35	84	4.5347968151834035
35	123	1.4620904139679163
35	171	2.023140625440651
35	185	1.4259191731664458
35	190	1.9649209148174254
35	326	2.4157259618813933
35	336	2.304727466893189
35	391	1.5356301388586135
35	395	3.2242433636567718
36	88	1.5723875051517178
36	140	1.27519684723156
36	161	2.161095396894077
36	187	2.2717446043045646
36	200	2.1478457861280322
36	206	2.4409958324931593
36	218	1.3096213707416298
36	340	1.5467644245062262
36	395	1.2703939496313859
36	410	2.422157228395796
37	53	1.7146815606907915
37	100	2.2891793523629396
37	147	2.1352365846685153
37	202	2.0449607784602906
37	236	2.3483542412840768
37	276	1.8295756234723888
37	287	2.8337836236380136
37	298	2.168182835083018
37	299	1.58026290118372
37	311	2.4844638321022208
37	331	2.4542487431360485
37	350	1.4795518371519687
37	366	2.1658831213717575
37	403	2.1566161410398195
37	413	1.2619744583647217
38	43	4.090582603220225
38	68	1.8432366713466009
38	155	1.7911509306873703
38	168	1.4957759175630119
38	265	1.383755657538307
38	277	1.728211002565466
38	351	1.2287847732514976
38	358	3.2558653215958726
39	145	2.2452178681484027
39	150	3.308799775510364
39	216	1.4012970321652176
39	333	1.3071337467394122
39	349	2.2420025510588433
39	435	2.134564410823522
40	42	1.6919012445376036
40	165	3.1136534693722835
40	182	2.4722455877729432
40	227	1.3477586920487308
40	251	1.5680284026432618
40	253	1.6940747576080462
40	288	1.7394734962025336
40	378	1.892438614616645
41	43	1.2923959293220126
41	74	2.3631050125032154
41	208	2.1359295228612307
41	235	1.5630333125602829
41	239	1.5443160961627964
41	289	2.3141864918620962
41	338	1.7226378463211975
41	387	1.5290077829440802
41	442	1.6512374008710982
41	449	1.2917790285422581
42	101	1.472701698619887
42	227	1.9296044651542847
42	251	1.8741316876297398
42	280	1.812559808756047
42	282	2.316070828377187
42	333	4.366769460000017
42	350	1.8232254856363075
42	376	2.0222227099474956
42	407	1.999196653841917
42	412	1.7244401459908891
42	440	4.107473205911835
43	67	4.0474806586432654
43	102	1.393621932575798
43	110	1.444563711146968
43	116	2.40988716874591
43	221	3.8010120215960583
43	237	1.6033339146106327
43	285	1.8857377875449959
43	358	2.4179699669265133
43	374	1.9108346136586807
43	412	2.0649619973523174
43	426	3.565262722868891
44	49	1.937158839926267
44	129	1.9381529647205196
44	170	1.6825599580186805
44	216	1.247584739523505
44	242	1.8653148402478394
44	247	1.9450018533687332
44	302	1.9576136767201806
44	367	1.6428515632306033
45	132	2.4442447493833113
45	138	2.4610552611335876
45	212	0.1386615850501148
45	215	1.4690883457214396
45	249	2.2266047261074267
45	250	1.876237474242075
45	254	1.263911813459183
45	264	1.4983798870354739
45	287	1.4221897551874645
45	443	1.4550348730068257
46	197	2.1020066581321397
46	324	1.3426044924899903
46	353	1.2061703935532295
46	417	2.0805843431400453
46	418	2.2088557452546205
47	126	1.3792196307558715
47	199	4.586957589724646
47	286	1.4783703806278896
47	319	2.185367217909048
47	336	2.377159749138179
47	370	2.14777603805818
47	372	1.982090596988387
47	379	4.354385251388342
47	392	2.286319617525459
47	428	2.2045009265889632
48	89	3.902076292679851
48	209	1.4922293390946808
48	211	2.3630381427900877
48	228	1.373902443389614
48	267	1.8625428201236354
48	272	4.463978267760421
48	286	1.3857420884344354
48	318	1.2823508593888333
48	329	3.2827991876132634
48	368	3.737552276433938
48	383	1.8576913834109743
48	392	2.0312969374445187
49	152	1.9652946818939476
49	203	1.440134100563273
49	277	2.3583217026847247
49	281	1.4596853942669565
49	439	1.5374178207408247
50	84	1.5636802440752402
50	123	1.301483987436842
50	223	1.8392913156498585
50	322	2.476512080353088
50	336	1.5580779347854314
50	361	2.3734947139885825
50	396	1.4363038861079682
51	55	2.1398334661836644
51	83	1.6650284829891255
51	125	1.9938172287852804
51	188	1.49381991172021
51	291	1.7621937371022491
51	362	1.8498452916451686
51	376	2.238990767893262
51	449	1.7746033276189694
52	65	4.18263599895319
52	122	0.7705118009515486
52	146	1.5913842137292278
52	193	1.2598615874225667
52	232	1.714720429846214
52	259	1.5903032882148662
52	261	1.9802804869623332
52	307	2.2806624209057293
52	329	2.168956015507228
52	383	1.7526466809483097
52	420	2.148439467710399
53	99	5.741542366127449
53	115	1.803969943242281
53	263	1.5912430484968905
53	275	0.5577267709591657
53	299	1.8093372217850834
53	380	4.567515614379043
53	403	1.615387636465647
53	449	1.7511375231188895
54	105	1.6434859419544257
54	122	2.0779944517458095
54	166	0.14173358585168783
54	263	1.3485352344417108
54	275	1.7765575356743772
54	276	1.8010224580527958
54	314	3.007006006456346
54	315	1.5824024527335332
54	380	2.440964394476322
54	382	3.566392059870827
54	399	3.7923090821590244
54	403	2.2676486635911597
54	413	1.8145654392255302
54	444	0.3413049263641348
54	447	2.0341247733449386
55	79	2.3640750921486715
55	135	1.2889847331498328
55	140	2.4622235031760322
55	197	1.8960360647542442
55	262	1.5567026432874607
55	290	3.7877276961252324
55	370	1.3977845500933646
55	419	0.3182304616501977
55	435	1.7127171269463093
56	120	1.4991510662873133
56	153	2.1446633725815225
56	160	1.0262560104363598
56	172	4.057592886254645
56	187	1.9958730049432445
56	239	2.2691726175871088
56	268	2.0206088791602945
56	310	1.4272822480002094
56	317	2.3411404500438717
56	335	2.266024613051734
56	347	0.3127210074143376
56	351	3.2866160100577053
56	357	3.329727939605364
56	360	1.9614523060160973
56	377	1.2131390191472342
56	384	2.3876266226150205
56	408	1.2816241951342795
57	162	2.2231709344210637
57	236	1.8357332867428746
57	237	1.8142874760104006
57	246	1.8577513885739854
57	270	1.2647419922436094
57	288	1.6132397617586565
57	295	2.318235164012375
57	309	1.3046867635429875
57	376	1.6200142615573527
57	407	1.422739702875677
57	424	1.4335848998648406
58	150	1.7113431434745179
58	163	1.244109997215716
58	178	3.7829234691419713
58	186	4.541189427080951
58	214	2.2712559339626157
58	230	2.4130829466010573
58	239	2.065218299040666
58	274	1.837014781814819
58	357	2.12742919227911
58	360	1.834388025264651
58	385	1.6286807709827564
58	408	1.3705247539124303
59	77	1.5300314350564526
59	150	1.4213592546593639
59	177	2.2277817734310803
59	238	1.750737203313712
59	252	2.3511783031079374
59	281	2.1494964406540222
59	302	2.3056303373142937
59	414	2.4728393063545244
60	66	1.4605611460179173
60	111	2.3237465983561716
60	128	2.469901337207844
60	152	1.6443997137972861
60	306	1.4983213884205966
60	320	3.71436700572222
60	341	2.124905349800412
61	245	2.424356669802883
61	294	4.202307067549787
61	341	2.266821051289776
61	345	1.693727325164696
62	103	4.3253038590150705
62	110	1.3787430890293093
62	194	1.6237282595969158
62	198	1.7455040105913844
62	208	1.557934368131792
62	221	3.3577003749673935
62	229	3.758710783383909
62	235	1.2823818465250674
62	242	1.91543271117125
62	253	1.5810566239939459
62	263	2.3327611370518717
62	277	1.966304907821972
62	313	1.5596037577905033
62	373	1.5398099101808222
63	75	1.61102194286567
63	96	1.681397272519866
63	110	2.0888869764322258
63	123	2.316657726670517
63	164	2.1772755543924296
63	324	4.531144742483742
63	362	1.3115384263929357
63	417	1.539189357033135
64	76	2.25189718789891
64	92	1.0550636981510133
64	209	1.4272219969286017
64	261	1.2318080685929176
64	267	1.510899526789087
64	286	2.2922614040381193
64	316	2.6199991644936143
64	339	1.268372749091904
64	429	0.3951904855316063
65	70	1.3351406498446448
65	130	2.4804478138613844
65	232	1.9540712765403239
65	266	2.0336699241796774
65	272	1.3315876014846157
65	307	3.386774507939865
65	319	3.8394396164549227
65	332	1.5372148787794084
65	337	1.4373698719889831
65	372	2.029846681931544
65	373	1.7816370283936402
65	423	2.223541011855356
65	429	1.247400569471498
66	119	1.9470853488907007
66	121	1.2355539498985724
66	136	1.9895799383927262
66	227	1.4743973292561368
66	245	1.4870064643094572
66	414	2.041885188181407
66	431	2.4194247563340774
67	82	1.7595323311675353
67	103	2.0016187674700934
67	110	1.2297891020387932
67	154	4.222806457494352
67	182	2.4312493156511077
67	208	1.7732228800956067
67	358	2.0716461560241783
67	394	2.4858027580458373
67	426	1.735930643221653
68	89	1.8410421324251014
68	235	2.376546389962636
68	265	1.446221632299637
68	312	1.8864481810721303
68	338	2.1245473199945373
68	426	2.387113890039577
69	125	1.6007757830480935
69	247	1.8840798468635491
69	256	1.5708028656381874
69	262	3.613936029323339
69	279	1.6344988606205564
69	399	1.80735657698724
70	94	2.305346124108544
70	143	2.2048049721539043
70	144	1.3658303796423141
70	160	2.4296576928287275
70	199	1.4265825805070964
70	207	2.4222551242511114
70	339	1.7732807090115177
70	373	1.5949242492452802
70	379	2.6783123216533187
70	429	1.8994201187660726
71	240	2.0760431409211217
71	309	1.4364355105212807
71	356	2.0565771230322665
71	364	1.9418577614246137
71	435	1.2209197569175172
72	114	1.8839430772619141
72	157	1.496053918128524
72	214	1.9585406606052325
72	303	2.206829733040392
72	320	1.6618343458403264
72	330	1.7378968535526087
72	381	1.6346129576932915
73	82	3.9487847371029217
73	209	2.1295767529560674
73	221	1.6386036402368243
73	320	2.2542400211286298
73	387	1.336962926635132
74	102	1.6591083146801007
74	103	4.383851377917331
74	171	2.233008549750039
74	204	1.7398738242791665
74	208	1.7672301230927732
74	211	2.0281199123513356
74	286	1.0348604913862145
74	338	1.5485670511829264
75	87	1.949168649329542
75	96	2.1380504451762365
75	129	1.5376298795496042
75	147	1.925058473314896
75	158	1.959455395015983
75	262	1.8752122758204979
75	264	1.9950259621951616
75	279	1.9462871446335264
75	290	3.8928597014740203
75	362	1.7645291865014725
75	377	1.084890920134839
75	418	1.8242349402771636
76	82	2.4526509973729045
76	92	3.9709773514861517
76	146	2.334239673953068
76	149	4.293904784697877
76	261	0.3081596262060609
76	272	1.5155144053499952
76	379	1.385454851103019
76	383	1.3494015565995439
77	110	1.5139047325513904
77	111	1.3237430296177157
77	196	2.32584558449501
77	245	2.0221096732707133
77	252	1.0966950458341849
77	306	2.3129601606491104
77	308	2.39964878397443
77	318	1.3157168180572805
77	378	2.366009680128431
77	431	3.5277083888124556
78	84	2.157025817538235
78	282	0.4516687555924479
78	336	1.4119397437077392
78	346	2.2678083590144027
78	396	1.9885335994714715
79	147	1.7154357591084302
79	169	1.3848745941500122
79	374	2.1646806583824802
80	170	1.8292938196807582
80	177	1.8796753106774644
80	181	2.3982573888946312
80	247	1.9706759225906614
80	358	2.073804567064439
80	370	1.6387027941712007
81	94	1.6760294896437735
81	102	1.206753655493949
81	126	1.2443960811332997
81	145	2.244094618357643
81	146	4.409903978758374
81	189	2.0948951843676604
81	232	2.087461255185316
81	267	2.1973774879311145
81	301	2.276505914036914
81	329	1.7593681406166182
81	339	2.120377773444097
81	382	2.3370863687808536
81	420	2.444284104626104
81	429	1.0216501602586916
82	102	2.3564585948474317
82	112	1.9189264877588923
82	168	5.927971529505467
82	182	1.5459969476993214
82	210	1.8726905634091853
82	211	2.204659689762571
82	286	1.3610507820027724
82	312	2.3943418289609095
82	322	1.3380573975237895
82	358	2.2664341236963477
82	387	1.684164423978437
82	388	1.8440982191618827
83	92	1.28198201500927
83	205	1.8293335036141554
83	242	1.504002532230079
83	261	1.2605806277620861
83	288	2.1454891392562585
83	313	3.292513654639492
83	323	1.383167647816748
83	350	1.60398093881771
83	372	1.3741115224346514
83	373	2.1773180830377936
83	404	1.9726282842996117
84	123	2.2886282400648197
84	171	1.5876676319179426
84	231	1.935993957298336
84	326	3.6815052477891257
84	348	2.029483243807574
84	361	3.971492369618389
84	391	1.6229580936105608
84	395	2.327009521510459
84	396	2.452628063440979
84	448	2.6490082861048587
85	97	2.4997597513107994
85	141	1.213600324825782
85	215	1.4977538109651338
85	249	2.235589916170579
85	304	1.8988702575760033
85	313	0.6415255946962497
85	401	2.447985466754794
86	111	1.7103377677832898
86	196	1.6653762598325077
86	203	3.960532168703312
86	219	2.258215692149931
86	238	2.57761601203116
86	252	1.7364942111137553
86	294	2.098615798730232
86	302	1.9826300388050118
86	370	2.340619949693302
87	88	1.581412106798373
87	96	1.824966273834709
87	116	2.0014633958829995
87	191	1.9309160300629968
87	231	1.364178444873731
87	277	1.6697439541973327
87	328	2.300410519670081
87	353	2.1623726970629145
87	355	1.4608107150993987
87	362	2.9080645602734294
87	377	2.3176005110912095
88	90	1.735059638216843
88	125	2.3626251050210763
88	147	1.6960827200626425
88	157	2.44324329312979
88	265	2.436812375368982
88	304	4.851720494332049
88	324	2.014284132427282
88	365	2.3941640266057824
89	154	1.3811887486696235
89	168	3.7744461316212927
89	235	1.9206026083077394
89	262	1.5652320175693668
89	312	3.4967079071819986
89	442	2.032364994870885
90	147	1.7250531639033202
90	164	2.928370117495374
90	345	2.483044479779683
90	353	1.4094549498305722
90	365	1.3174261273662227
90	377	1.9906563138272033
91	144	1.6676349964801012
91	196	2.346791329150094
91	259	2.114884776772364
91	344	1.5355609025662726
91	379	1.9138372895720126
92	94	1.3389743543169477
92	98	1.9503964939670115
92	121	1.6730169485723547
92	189	1.7708744949748771
92	218	2.4612556246188193
92	232	1.7602458739502551
92	274	2.2458128300270817
92	368	1.7922557707276217
92	372	1.635873603915414
92	384	1.5811165468362414
93	124	1.3885345363931318
93	148	2.354903845384987
93	298	1.4453264673212805
93	321	1.431926850345248
93	325	1.6193291633329028
93	406	2.1451814912375524
94	135	2.1186164658052173
94	180	1.2953602259108559
94	199	2.1929132976986225
94	232	1.7071331132788254
94	272	1.4913492458034159
94	339	1.2262282431674003
94	344	1.9460171863222988
94	373	1.9978212579957049
94	404	2.351871256863866
94	420	2.2062028436491388
95	136	2.308294227376897
95	184	1.3019816122477115
95	204	2.0406021995114445
95	306	1.2304016856377504
95	329	2.4192378762872515
96	147	2.338312644416435
96	191	1.492365591218573
96	213	1.938791598674348
96	231	1.4323168791219325
96	245	1.3797489101521125
96	363	1.8780563268048955
96	374	3.5520752795818082
96	424	2.229509026161735
97	102	1.4630696549179238
97	132	1.9724329320746845
97	254	1.8333445356467872
97	344	2.062673905352963
97	423	2.0052539388758754
97	443	2.458735098536264
98	351	2.2808172242043874
98	408	2.1350686856776346
98	415	2.4862841344986073
99	105	2.373686544265282
99	131	2.359168745875244
99	179	1.3127129725526792
99	223	1.3440021638214426
99	255	1.5964484624077122
99	375	1.910963483793254
99	380	1.879308822356185
100	115	1.7399739843667343
100	122	3.2513961165423506
100	179	1.8847028596203912
100	236	1.625219630988353
100	249	1.418521431327121
100	255	1.6108832818918177
100	276	1.4641994183328477
100	422	1.4201961108992502
101	107	1.5751427603497508
101	137	2.0764354794977535
101	157	1.2884745542548874
101	176	2.3854263821094133
101	206	1.8916841680768426
101	233	4.356606582330657
101	244	1.4205611263415572
101	330	2.691038578875167
101	421	1.6448562603639625
101	432	1.666828689243941
102	112	2.071911069505364
102	113	1.5729777932867512
102	167	2.4559404954861908
102	182	2.1671050882917147
102	198	1.734396329456159
102	221	2.249666940403455
102	229	1.3211834958102742
102	442	3.2382243945609046
103	110	1.5175790203755557
103	151	1.9669705369481671
103	194	1.468223110210008
103	221	1.3876692663723544
103	265	2.3826494069456796
104	192	1.433359934539896
104	226	1.8907807163728818
104	250	1.4339773427896416
104	300	1.6691645932408723
104	313	3.566061285855921
104	423	2.1321139445616337
104	443	2.300041357043611
105	122	1.5197765992081975
105	133	1.5146265756724249
105	202	0.8039287967996595
105	315	1.2927770963756449
105	351	1.3348965172854848
105	375	2.378119796118969
105	382	4.1198113204022775
106	108	2.116703597976458
106	118	2.12114215465413
106	132	1.43080284572268
106	137	2.319167625117841
106	165	1.6759252590312563
106	176	2.4557486524436207
106	233	2.0458266989996057
106	248	1.852674952807602
106	330	1.554420389733493
106	340	1.8331010180617682
106	400	3.296588356958141
106	406	1.7893384478258365
106	414	1.7412339440535707
106	430	1.7008072074532912
107	159	2.0373966446777363
107	214	1.4175245304598358
107	225	4.249955590577446
107	230	2.1288253720647954
107	239	2.1082536791136715
107	393	2.1041526968480992
108	114	1.5351609167265576
108	124	1.635239257293041
108	176	2.0249198997693147
108	187	2.4459686393883078
108	189	2.4536703791848806
108	206	5.188707196571677
108	218	1.9502726773172303
108	225	1.8873175981401449
108	298	1.8124764011623773
108	328	1.2419080521572605
108	365	2.0767708540740535
109	138	1.6064593606616158
109	141	1.2492877120153993
109	215	1.5343131877694416
109	300	1.6359822133051998
109	438	1.274710153814318
109	444	1.9931690121531678
110	112	1.2980508209027488
110	151	1.440413180926624
110	168	2.04418785030529
110	210	2.0272674548143517
110	260	1.486827554682161
110	324	1.4219730740295977
110	413	1.2623396916766347
110	426	3.3812860717479047
111	121	1.3995534505449723
111	175	2.4170575399141274
111	203	1.7861642861875962
111	226	1.64495865450151
111	257	1.9981280737773663
111	265	1.7596965024049216
111	294	2.8499917601408344
111	318	1.6628250144606278
111	341	1.3474105123907614
111	417	2.354064483895489
112	167	2.4059422504735894
112	168	2.234003045421422
112	198	2.2511214776169943
112	442	2.285097803113109
113	159	1.329871960974873
113	160	3.1266450282804383
113	214	2.041549890322658
113	310	2.2514069879039207
113	343	1.3114719223705653
113	390	1.3740043348102668
114	118	1.928415564189332
114	233	1.579054465610879
114	354	2.406617076326924
114	365	1.4307537066955
114	381	0.9474037333638946
114	435	1.9349769236063317
115	202	2.0651303118930544
115	278	1.7283048264339156
115	299	2.1166714459526945
115	314	1.2781188484924708
115	334	1.6897484948148431
115	382	3.3146032623319073
115	393	1.3845649348269862
115	403	1.357537591354859
115	411	3.5938738414017135
115	433	2.196138950853646
116	221	1.2961550975507046
116	224	1.3088883931668291
116	442	2.2257032377147494
117	139	3.1251630111578916
117	180	1.2192410047018827
117	256	4.620332839542003
117	263	1.9505542810397192
117	350	1.6927694702883636
117	380	2.017107699560838
117	403	2.312329370101322
117	432	1.3659107102786152
117	447	2.0711888832964687
118	176	1.609891350006152
118	194	0.41454234486951314
118	328	3.964486659481146
118	348	2.9697342318953615
118	405	2.3979411058517397
118	448	2.2622186467544583
119	170	2.1756076210119284
119	181	2.488875764963039
119	193	2.4276854544527695
119	211	1.678943308729016
119	242	1.4387527947477603
119	252	1.4671887523716327
119	320	2.1634047407713153
119	389	1.3898647377242144
120	159	4.361410638493307
120	274	2.131908853498235
120	342	2.1614237609051448
120	386	1.4629469611838017
120	424	2.058602588716729
120	427	1.049829392854374
121	129	1.9854332452004333
121	224	2.057071024391714
121	281	1.8965746667995291
121	318	2.087102158927916
121	439	1.9873888398192943
122	145	2.3983482004717867
122	236	4.615147565008533
122	263	2.4388170543241356
122	311	1.4351197619452711
122	331	1.391862227824296
122	380	3.3668599903854455
122	382	1.6510548897283588
122	411	1.4630207965754325
122	447	1.8565638045031807
123	171	1.9224513716914546
123	223	1.8532448521626408
123	273	2.1712545617627095
123	321	2.1148823214264505
123	326	2.243737711397908
123	348	2.3821882197043864
123	448	1.5876916980559719
124	126	1.9339432613964456
124	158	1.6272112794408145
124	206	2.4049668626308844
124	274	1.997459454784035
124	298	1.5592264072473447
124	303	1.2370331422721896
124	400	2.366880712996652
125	134	1.9806276038380235
125	135	2.1071720337049222
125	164	2.2722841732878307
125	362	1.5376129756389676
125	418	1.2234965144153944
126	178	1.8202968634252228
126	261	1.4277140908873656
127	130	1.7563871623886615
127	144	4.9333810859763005
127	266	0.6206903938782142
127	368	2.2093574842801664
128	184	1.2440029822169214
128	193	2.005702638045201
128	196	3.7436995442429075
128	216	1.357658112481523
128	224	1.2428840836237556
128	242	1.5710015279070988
128	281	2.390166416762229
128	387	1.9764720214183191
129	174	1.2002542836339791
129	177	0.16658268191545378
129	193	3.878694662395777
129	302	0.36382375510504483
129	318	2.009958591476168
129	414	2.2682276716920518
129	445	2.4652283416126504
130	323	1.7694921858175388
130	339	1.9803118217574052
130	355	1.5926148343550715
131	153	2.0203472644056424
131	220	2.4423211368360347
131	343	1.6354424981794895
131	351	1.4374228585816722
131	416	1.5120600096918506
132	215	1.2144178908059182
132	254	3.07926448837475
132	258	1.3331645559073497
132	271	2.4988646622870903
132	344	1.5653793206560616
132	425	1.277533623481196
133	148	1.6161436714662902
133	334	1.8298261217029328
133	350	1.291589396937098
133	416	2.1540640830380413
134	145	1.2286224663610132
134	183	2.1310669599976992
134	195	2.374778322679308
134	292	2.250303123199434
134	297	1.5796962061848767
134	322	1.8190962311457288
134	346	1.9942917699357232
134	395	2.196731268351485
135	191	1.8526196216645927
135	296	1.860595403244743
136	152	1.4364090582833295
136	203	1.4602911325309653
136	257	2.113924186526312
137	140	1.5436899002649793
137	151	2.154257880741403
137	217	1.8458419636077468
137	233	3.0186384121945053
137	298	1.266371773937495
137	325	1.306073874910396
137	340	1.2775969222561288
137	406	4.298227457013772
138	183	1.6055647117256333
138	401	2.28436636434925
138	423	1.7740487721000093
138	425	1.811242615336429
138	438	2.286756862348539
139	166	1.5076047878256236
139	212	1.3373353497227403
139	242	1.489404083986572
139	255	2.2996249726305695
139	263	2.2350252006437135
139	296	2.0260373610080467
139	299	1.7108410454163778
139	335	2.298204000754403
139	360	1.8884859309636002
139	380	2.474620364643616
139	382	1.8999858415499675
139	402	4.404978135312983
139	434	1.7433380434856995
140	260	1.6902526006830931
140	303	3.2611479683323434
140	436	1.962381133464428
141	212	1.7384714956331915
141	284	1.3271344757675114
141	300	3.640916825925699
141	401	4.074819339820618
141	410	1.7860003184396318
141	425	2.1134202934472666
142	158	4.416983564086308
142	234	1.6852577571593839
142	271	1.243136735607425
142	303	2.189617832368851
142	325	1.2098650235235497
142	328	1.3719551906908842
142	354	1.892732498120849
142	381	1.873401649815381
142	405	1.535998605885125
142	430	2.3609934846780556
142	436	1.7765927844012717
143	144	1.2329474633404929
143	209	1.9458688056924787
143	224	2.4408223785599694
143	261	1.5353343560397028
143	319	1.2912588099525208
143	339	1.585684784027431
143	355	1.9098897788162548
143	373	3.4337028534302183
143	379	3.6891627279003623
144	432	1.4155780697670464
145	176	1.6712735399615575
145	241	1.2464409809783032
145	251	0.45745248163514807
145	288	4.469366287265872
145	329	2.071125725194646
145	367	1.592745395676701
145	435	1.225970306796644
145	440	2.4801521946532885
146	180	1.563643322436429
146	199	1.6835231816921774
146	228	4.670609294886349
146	272	1.2205751039022115
146	316	1.8326540545807504
147	215	2.2731245708128975
147	345	1.3895378732672878
147	424	3.764919652152378
148	188	1.4329686757464655
148	234	1.482592051041157
148	273	2.223717253648096
148	321	2.19421837451857
148	410	2.1108432025910275
149	155	1.6448891021134466
149	171	2.455291061571823
149	189	1.888508098971659
149	190	2.198280085638745
149	220	1.5486397124271916
149	273	2.2272201716597344
149	278	1.7598385742216367
149	286	1.4135466346977037
149	332	4.320447502038829
149	448	1.324164643904207
150	202	2.0033962419210187
150	275	1.3200541313154501
150	288	1.310490615295777
150	347	1.2911356643046494
150	364	1.2806891463607866
150	376	2.1143886873207673
150	384	2.2610919144393824
150	391	3.6803376274835267
150	407	2.446269747651203
150	437	1.9315101818492164
151	198	2.284492068521481
151	203	1.7882421612122315
151	211	1.8015833725853572
151	312	3.8805339052606733
151	388	1.6212690832952998
152	170	1.8923749713969715
152	224	3.283257016117635
152	306	1.3624778728671119
152	308	1.6645951425371253
152	320	3.2883196729423223
152	380	1.4782017335530502
152	389	1.9776311084645757
153	178	1.2504195807565286
153	214	1.943456242792851
153	269	1.5275140837147232
153	337	1.5932973176010772
153	357	1.3347480795237001
153	366	3.757623327257738
153	386	1.9916189305295835
153	408	4.188635709937045
154	198	1.245308229892131
154	208	1.5471965790456563
154	269	0.35177264664458185
155	156	2.1801056143098156
155	178	2.181949449332045
155	183	1.3666653985528918
155	220	1.3134423579724925
155	273	1.2046826004450428
155	292	1.9447704206173912
155	294	2.0942251876992217
155	316	1.791479099810895
155	328	1.9631519890916111
155	348	4.376198767092523
155	395	4.590889107413668
156	213	1.5608559129106878
156	292	1.9681857223343078
156	297	1.5930542083549104
156	396	1.6376977024760988
157	217	2.1516813070097784
157	225	3.2968326448314302
157	286	1.5849663874116224
157	354	1.5632578158793031
157	400	1.3015516693185027
157	410	1.8981125075534877
157	436	3.6445699834356318
158	176	2.0120169182197976
158	248	1.5861911287824206
158	328	2.106570207265802
158	340	1.378731311308111
158	446	1.8973458035072723
159	239	2.1544311670677074
159	317	2.4201136610350122
159	337	3.430720108304639
159	351	1.3208601589264872
159	385	1.8818676345755985
159	394	1.6405744376651923
159	408	2.4848313580081225
159	427	2.172156510561866
160	357	2.390086692070848
160	424	2.1139884957911286
161	200	2.3258972594606075
161	244	3.0880704586088745
161	347	2.051036378649617
161	400	2.122704334770888
161	405	2.481641026639106
161	406	1.6973983768425231
161	436	1.7589663618371647
162	173	2.2389548861875097
162	175	1.4964860224631231
162	226	1.646837728165064
162	227	2.188482190281776
162	237	2.213166016297793
162	246	1.940942027120954
162	279	1.22992161762828
162	280	2.2879132940543463
162	281	1.844130964564994
162	288	2.317314386519884
162	309	1.929547863425463
162	371	4.6564483349971795
162	435	1.5128601752575583
163	262	2.1083540544432022
163	329	2.1474778767945653
163	362	1.6279853572101457
163	374	1.6595744836255801
163	397	5.715580901817731
163	419	1.5327958696643464
164	264	1.8639162352721947
164	397	2.0042211050851417
164	412	1.4680468383132013
165	175	2.4033386396057854
165	207	1.8535782042060864
165	213	1.397285445738001
165	246	0.25740505235084643
165	253	2.4984796745798437
165	288	2.171608410324514
165	356	2.4464599191142753
165	393	1.780823434850011
166	222	1.6150549604215803
166	260	2.1602993286175525
166	276	1.600617584527005
166	279	1.3017953045714619
166	293	2.368508681570287
166	314	1.9030232331177337
166	375	2.473559486820184
166	382	1.6855104210566936
166	402	1.3585179489025998
166	413	1.440756314884487
166	422	1.3465450698667527
166	449	2.0943967456233175
167	168	1.2830520675199732
167	183	2.3996722908550865
167	210	1.82784668865013
167	211	4.15321316473201
167	286	2.422108128440059
167	312	2.1721501481405987
167	431	2.016761735553649
168	170	2.4631047341010754
168	184	2.1283020233346255
168	229	2.061792996263584
168	260	2.265040824965374
168	358	2.1868024433673066
168	365	1.6437541848699424
168	434	1.4120048021966431
168	442	1.8267919565826505
169	291	1.7171286351929789
169	353	2.0519762534511794
169	374	4.510464236685389
169	397	1.4598846336211468
170	219	1.4562026009226217
170	294	1.6913448772709367
170	378	1.3360251287286609
170	383	1.3020784662922302
170	445	2.04004284529307
171	220	2.4501524046753005
171	282	1.5526459150986105
171	319	0.1018172723242444
171	327	1.4560049671602169
171	389	1.7259057557281736
171	430	1.441153964905858
171	448	2.4557121453336253
172	343	1.76505220362416
173	216	2.2577315122854666
173	251	1.8867341985397832
173	288	1.509497802636673
173	343	2.2700768657084254
173	394	1.492214004611529
174	224	1.6592696539905016
174	241	1.3537171295692685
174	259	2.3652484960409175
174	318	1.6902978754851388
174	378	2.337547364435263
175	182	1.2709161733330532
175	226	1.8122549235286178
175	274	1.9001044215470553
175	295	2.0232350259875287
175	369	1.4628645811309828
175	384	2.233565286539596
175	412	1.9212637319950265
175	435	1.7053664949303327
176	217	2.161987177813222
176	340	1.2290152622399084
176	359	1.7685703691884747
176	436	2.22254152844154
177	193	1.8629856427877427
177	203	1.5638858171907328
177	242	2.4782405590693175
177	341	2.138115080850599
177	378	1.2284657821693084
177	426	2.4335016954916617
178	186	1.299678265765524
178	189	1.9642957017219365
178	214	1.6009307966522854
178	230	2.46666785563096
178	261	1.2528601158119732
178	306	1.4600158712730047
178	317	1.4847506571751605
178	337	1.863310323952743
178	353	2.2620923488549174
178	357	1.259253406207273
178	400	2.1382242186288307
179	237	1.8437747868697216
179	449	1.486195956240427
180	272	2.3669976616013466
180	339	1.2736340419829928
180	346	2.4315460779946347
180	372	1.4563479244553246
180	420	4.309150877198224
180	428	4.621476147457674
181	184	2.350469981979597
181	193	2.2473772688581812
181	240	1.6735212439527727
181	318	1.7845357042046501
182	210	1.7005675778389242
182	211	2.3447171970264264
182	265	1.4064391829320575
182	285	2.1427911970557774
182	286	1.9759539196123783
182	359	0.8532370207128648
182	370	1.7676023317889409
182	375	1.866736505571176
182	387	1.477137926222883
182	442	2.3344803059987065
183	273	3.8779701999375886
183	395	1.6040617993337338
183	448	2.342549893328828
184	186	1.6135891096579575
184	203	2.0349720986847717
184	245	1.2254715985828941
184	281	1.3515233218412919
184	294	2.20090418318828
184	370	1.8578093261773696
184	378	4.275751834927543
184	414	2.0085403198580947
185	264	1.288531463452883
185	322	2.083044271542526
185	326	1.5488180306359274
185	352	1.4607292985617804
185	409	0.9955523619452644
186	239	2.439368821855732
186	335	1.2692686023129318
186	364	1.457667820202452
187	200	1.9924453635349197
187	222	1.3916382469350828
187	248	2.024625736091144
187	346	1.775568278410919
187	400	1.542644491421914
188	224	2.3279487463620487
188	231	1.7139217978096
188	291	1.6733319852215376
188	324	2.2988200185390197
188	365	2.295820212070577
189	228	1.6045509753440899
189	272	1.6976029222124778
189	323	1.3672101796527503
189	420	1.9687533497998695
189	428	2.0443814624320815
190	209	2.309021938737672
190	220	1.471003452986995
190	327	3.7087614510016147
190	395	1.9354133367112314
190	396	3.596095670023452
190	448	1.606794264384546
191	197	1.9613655847491511
191	288	2.493839814308938
192	215	4.191264432956627
192	250	1.7786496673292693
192	304	2.0632169914111462
192	344	2.4078870897929097
192	349	1.897347502708282
192	363	2.476521721176791
192	370	1.4933013709264378
192	391	1.5231410738331246
193	238	1.9451092159131076
193	306	1.8568456450233075
193	324	1.7294714923925216
193	341	2.0636660667652276
193	412	3.3338643306777054
193	439	2.3902760271470695
194	275	2.1449877986452797
194	335	1.7606866602551117
194	337	2.1520516935678446
194	384	3.8165058809895203
194	448	1.9467962019020093
195	220	1.5046657263742687
195	297	1.8392586370250321
195	409	2.238574795924933
196	242	1.9436859652543337
196	318	1.8997463420501102
196	378	1.40813709704232
196	431	0.15108409894698727
196	434	2.049768563176671
197	279	2.9074849234209275
197	374	2.114514260137331
198	208	1.69551003016373
198	211	2.072231943559422
198	338	1.947541033487346
198	426	1.3084937777243026
199	236	1.9060498125445493
199	267	1.8725109058378995
199	278	1.833929663588206
199	355	2.3390829642837234
199	375	1.7674377354038242
199	392	1.895295407103168
199	428	1.8842772264442105
200	248	1.5368967229009378
200	405	1.5146617855844555
200	417	1.679227088438692
200	421	1.4721942730709916
200	427	1.5451965002663266
201	314	2.0316070838953078
201	315	2.2553216470046094
201	334	2.0325328160469085
201	336	1.8959442016811896
201	380	1.9542264607822966
201	403	2.4097388595608114
202	375	1.7042787975168239
202	382	1.4516841741556674
202	402	1.8420403729765695
203	204	1.7215981737401023
203	247	1.8881930712178518
203	370	1.33206723669452
203	389	2.325919257517176
203	439	1.8973146996029109
204	242	1.2363294665740816
204	308	2.3912294421092284
204	328	1.3724457551926081
204	341	1.939817476118863
204	431	1.4705339025255362
205	268	1.9158148230683039
205	317	6.092822575133185
205	357	1.357684070291828
205	385	1.2579477124845473
205	386	2.3173864051642266
206	325	1.950344539947424
206	406	2.2305592732908126
207	264	2.2479501037058514
207	330	2.1523256940452895
207	432	2.434860376501012
208	221	2.2073857586730696
208	238	2.3320465016340743
208	277	2.126364632354814
208	285	2.323244467626386
208	426	5.197097319055513
209	259	1.9223865026456195
209	317	1.955804128521255
209	379	1.7664731186309859
209	420	4.211184286324785
211	229	1.9701367713228866
211	235	1.2695947519185165
211	285	1.9718134188809935
211	384	2.469531499106789
211	387	1.3064908082278097
211	388	3.665971672241463
211	416	2.4368726699073706
211	442	2.267809909845748
212	254	1.6431468475325788
213	241	2.4118446882184905
213	253	1.9216276060762882
213	349	3.9443312513014597
213	376	1.872686534453558
214	274	2.4875352946156033
214	351	2.390919273872824
214	440	1.5004002219024215
215	250	1.6679414795237784
215	284	2.0128302945976864
215	300	2.782192931550749
215	304	1.938379016650956
215	443	1.5811313243551293
216	301	2.024956154897459
216	376	1.5294289200599493
216	384	3.0909297975452157
217	218	2.3063596392486025
217	354	1.8582131408162883
217	405	1.2138697458473127
217	430	2.158888215719302
217	449	1.7166513449160306
218	321	1.672393557718413
218	354	1.8427116128067358
219	252	1.7052797733163931
219	257	1.7807696542298606
219	303	1.3070137230457763
219	306	2.238073237898694
219	308	2.2105497922747257
219	320	2.0027807041893606
219	398	1.6544248861887534
220	279	2.443589889835455
220	292	1.7358407806718188
220	322	3.828408061598352
220	341	2.2746764318952897
220	348	1.2996376906933025
220	395	1.5342645097239664
220	396	2.1694834049693457
221	229	1.3128469257423596
221	312	2.3220186436174597
221	442	2.4981203087497796
222	243	1.9861188548591064
222	304	2.4738916691815436
222	313	1.9662286990128237
222	423	1.9966095896196672
222	438	2.440126423215209
222	444	2.389384558404606
223	287	1.440533759766172
223	350	2.126775515414289
223	399	2.0958869193416505
223	403	1.23573554325843
223	434	1.711228327444407
224	238	2.359751968313595
224	293	1.688591864662406
224	302	3.301294485759555
224	308	4.499249057076787
224	389	2.4041829816553317
224	418	1.2992121620258648
225	359	2.2498842472632727
226	246	2.38277256808003
226	253	1.5713881443825732
226	275	2.450856397119192
226	407	1.9925493548440776
227	340	1.4258746572017373
227	349	1.6950313985492977
227	364	2.1915550090557674
227	369	1.6345599921708112
227	371	2.189378385419797
228	243	1.8819904673140697
228	319	1.55438335945851
229	235	2.856135612358804
229	358	2.2505989019651222
230	231	1.248183047652744
230	269	1.3025942501461525
230	377	1.9085700501637906
230	386	1.932661605690305
230	399	1.3536889183126317
230	408	1.9691420001127642
231	238	2.258039482280931
231	314	1.5368230215624088
231	353	1.3387358421860402
231	362	3.880415118487682
231	374	2.1682953508101828
231	377	2.2123934217622407
232	392	1.5355616293332337
232	428	2.3359998288860098
233	359	1.2804296841509053
233	385	2.3567860566742658
233	444	2.306381013629389
233	446	0.7080438874314576
234	356	2.2786618003487833
234	359	1.2170914458099742
235	358	1.8268229521063402
236	380	1.511175350087564
236	422	1.8844543969185485
237	251	1.4372699676639042
237	275	1.1146050284406679
237	295	1.5488693826055528
237	347	2.0285240862814566
237	369	3.757727293591951
237	376	1.7771110731264215
237	384	1.5594091443169433
237	411	1.804684990794515
238	245	1.2431174193827923
238	252	1.633268180533284
238	257	6.326460326393137
238	306	2.0287960371468743
238	308	2.9800987943215764
238	341	4.927452540668888
238	370	2.9507897500829303
238	398	1.5772175126142902
238	445	1.8061181097940522
239	274	1.3765470007508773
239	335	1.4101284007603372
239	345	1.5610135289814182
239	356	1.6575304557214436
240	319	2.4567575716169285
240	325	1.5345936504616908
240	332	1.737730137072255
240	410	1.3159373583458243
241	246	1.6506700675787485
241	288	1.5034119221131677
241	334	1.7354288729691412
241	371	1.2238501875833274
241	384	1.4649840692875926
241	390	2.1922987166452406
242	245	1.8182560281689892
242	257	2.090764524839006
242	302	2.3526404196537256
242	306	1.9161544233112637
243	245	2.22314570255181
243	249	4.252535615352022
243	271	5.096696365700428
243	438	1.7071826675860469
244	377	2.3563816016173336
244	405	1.9045975579754852
244	446	1.5478609766255005
245	302	1.8070265247709933
245	318	1.8136420630556107
245	370	2.352130563958437
245	398	2.0303588007751636
245	414	1.8868189720966084
245	442	1.837502007958118
246	277	2.3740342188856136
246	295	1.2488691670452776
246	369	1.7514876043741436
246	440	1.2017709711823383
247	318	1.3073454441137091
248	298	1.9314316274118386
248	340	2.044867510014549
248	381	2.013261323275566
248	421	1.597714708587529
249	254	3.5709154022212646
249	289	2.0852322354619277
249	351	2.316094713226715
249	401	1.3135937541858105
250	254	1.7507914941203149
250	271	2.4132694362798865
250	272	1.4619461663034308
250	284	1.5705615168358626
250	344	1.9538290850127917
250	398	2.24057878907259
250	401	2.3796995643067733
250	443	4.031950722373823
251	253	2.2706883338477395
251	270	2.448835359938254
251	275	1.3915368400881365
251	364	1.6928907952378194
252	291	1.9961419793991737
252	349	1.4006489989050541
252	384	1.9870171256706706
252	414	2.01375172800632
253	276	1.810140449854847
253	296	2.0150690613007547
253	437	1.7683895833185446
254	271	2.388381098814593
254	425	1.86073447570169
254	426	1.6579657704091213
254	438	1.6634193976134934
254	440	1.836233958165505
255	375	3.305432690525059
255	434	2.191388356720871
256	304	1.2925654992043525
256	315	2.3329662338655828
256	422	1.5924622417061043
256	447	2.1035615694973506
257	306	2.3635324673370066
257	367	1.7525789839825578
257	378	1.9398177061804975
257	445	3.682067565697783
258	313	1.696256365263094
258	407	4.550665084675898
259	266	1.5272321693350746
259	325	2.3907725413438463
260	277	2.4226351664278676
260	353	2.141847163565684
260	356	2.0953881622681
260	358	2.003855677426268
261	272	3.8754869301088606
261	307	2.2098958412879632
261	316	1.3200475970529866
261	329	1.9018617068977475
261	428	1.3389138420791995
262	279	1.2155699790931525
262	280	2.1070859487836917
262	296	2.0248007993790536
262	324	2.1743407142812687
262	367	1.3290859461979474
262	397	2.424993874971294
262	417	3.1191423064667907
262	418	3.208470436443004
263	307	1.7960344197889597
263	311	2.240061200303921
263	402	2.0091761402533477
263	411	1.7108129897770956
263	449	1.638525962705786
264	268	2.4166342697178487
264	419	1.8408132810179465
264	424	1.6727009039526228
265	286	2.11606541490928
265	387	1.8871948887086587
265	426	1.3916548264132258
265	442	2.2199280635837018
266	329	3.691397369856048
266	420	4.553395830049736
267	291	1.8954345307608351
267	420	2.3150722618939668
268	274	1.285964561856947
268	337	1.040733990886872
268	342	2.31520148655691
268	408	2.9457202612848725
269	275	2.21862704124696
269	342	2.2768133720032027
269	357	2.007359263091055
269	390	2.397680340801182
269	416	2.174055533032995
269	427	2.113199386164755
270	429	1.2562357536912954
270	440	1.4995123524849647
271	284	2.456304857553463
271	304	1.49849088120644
271	367	2.3679865166646334
272	323	1.9453943895408403
272	429	1.4730124604686927
273	292	1.2531313546946594
273	297	1.936432077285056
273	322	3.536776951350843
273	348	2.3041618918583957
273	352	1.908768658805661
273	361	1.9268689034222464
273	433	1.910450099304108
274	283	1.2137686110987451
274	317	4.066981271344028
274	427	2.363395324430953
275	325	2.225969308024003
275	347	2.1302272644812033
275	371	1.8915168602752348
275	376	1.9664239993756591
275	435	1.4391595167981444
276	311	1.9888843790114452
276	332	1.6126896098842114
276	375	4.392631075668316
276	411	1.2162418333186158
276	434	1.776139737882512
277	336	2.4358494351361006
277	338	1.441881518170917
277	388	1.8083262520958512
277	394	2.238391394911601
277	426	2.359594560465267
278	316	1.479762085487827
278	339	2.4133498746200672
278	383	2.3413470855140153
279	363	1.6298963397769008
279	365	1.3959793022355098
279	419	2.2618951838834986
279	424	1.2716816036799392
280	324	1.8097228323669592
281	370	1.8066836129525414
281	428	1.9296021238321317
282	297	1.2330677021647398
282	345	0.8157382912067588
282	396	2.2724555848025876
282	433	2.0162735261654143
282	448	1.592624507476146
283	360	2.417613612428327
283	390	2.218951769370676
283	415	2.3148888853982297
284	316	1.603348976544764
284	416	3.819962677861343
284	425	1.6810921261842213
284	428	2.439175625639619
285	327	2.0892891847304678
286	309	1.4403596091606683
286	329	1.33969765252461
286	357	1.763939583498575
286	387	4.933468905901731
286	442	1.6544303105044662
287	314	1.6946420813973373
287	357	1.9712927029501166
287	382	0.609816105970097
287	422	1.3309226152047924
288	295	1.9428028001505258
288	347	1.436971346056708
288	356	1.7177947706181604
288	375	1.3271338398887047
288	435	1.5588808835331271
289	389	1.4731165357786746
289	420	2.131422512056602
290	296	1.6416393185215612
290	349	1.7659577709916716
290	353	1.8097939324727705
290	443	2.029821871531605
291	324	1.8140500968680344
291	361	1.804511597435818
291	363	1.6591241729031831
291	392	2.212521567882722
291	397	1.2418789709852793
291	419	1.504238055053434
292	336	1.220150933750175
292	346	2.2805141159112674
292	348	1.9463454260275297
292	361	3.474714974163582
292	409	1.5928575578140025
292	420	2.2947832293441763
293	308	1.7290568096214414
293	413	1.7924697841619943
294	308	1.8334946981548268
294	320	2.250044549638964
294	341	2.487027692386298
294	370	2.444675658908375
294	378	2.131937380470644
295	333	1.6552626120755334
295	376	4.142529178715657
295	437	1.322356100296413
295	440	1.3108336441130117
296	339	1.959647821254101
296	353	1.3297360842866732
296	363	1.3049936688846002
296	370	1.8559335794563374
296	390	1.4060057298078519
296	418	1.8841046485517436
296	419	1.5975877136547811
296	424	1.2784503583957898
297	346	4.509949298875908
297	352	0.23202759874801254
297	361	1.3209381699574068
298	303	2.392962188290334
298	410	1.9113148296826348
299	341	1.704329783088333
300	313	2.2250221940078596
300	438	4.2612893496602915
300	443	2.355215933114245
301	323	1.628155386657597
301	420	1.932470635446028
301	429	1.7114139677327613
302	378	1.6682284592893444
302	398	1.4254680976129261
303	334	2.2380874515511624
303	432	1.7605965959482837
304	313	1.957198224863606
304	443	1.5717014670041485
305	321	2.1209913785865186
305	359	5.420460103920813
305	400	2.2025977483952786
305	430	1.2413065638580032
305	446	3.479850867901973
306	318	1.6394465028499454
306	319	2.4893370985868204
306	341	1.4800851247116709
306	391	1.6775770703192157
306	398	2.4409948368161487
307	422	2.2416921385169264
309	347	2.0576667443817493
309	349	1.748613599754059
309	364	1.4319533719738085
309	369	1.6926072682345614
309	376	1.6742820180431814
309	424	1.2389803713346037
309	435	1.2091689589752102
309	440	3.448805510671715
310	351	2.0683790761534433
310	385	2.0708724060342307
311	357	1.2011617027359593
311	399	7.119956871806678
311	411	1.9744074104062856
311	413	0.10459335860938179
311	433	2.411404189116036
311	447	1.765758741632007
313	401	1.8950032799205412
313	443	1.7663094665333055
314	343	1.2419711070993633
314	350	1.4907721681044523
314	375	3.809512978000053
314	413	1.351447853291812
314	433	2.121374774780045
315	356	1.6445090225259762
315	375	1.5666433772927644
315	399	2.1396041875562988
315	403	1.5230885020767573
315	436	1.5778003102465155
316	373	1.9049711435135865
316	420	2.2036988832693756
317	372	2.4029031261883462
317	393	1.9833480145577034
318	333	1.5914712719070165
318	335	2.4526763187716627
318	367	1.655758905787978
318	378	2.1758573488249615
319	383	3.075193924070942
319	428	3.946342482360276
319	429	1.4948451008951154
320	376	1.6095422386229048
320	415	0.20978333724240572
321	325	1.807458892541339
321	432	1.6532289906599218
321	446	2.4510969225922574
322	326	4.747783506943074
323	329	1.9828469091347725
324	365	2.410634485464483
324	397	1.7294620492693387
324	419	2.286874865353422
325	354	1.6809110053018406
325	381	1.9160681326841291
327	352	1.3769818429109337
327	355	1.2596702605379593
327	384	1.4163195155184987
329	363	1.678649585485005
329	420	1.3401775786191659
330	354	1.8127975903626579
330	381	1.765838878846846
330	421	2.1832159046898094
332	348	2.1914679849636576
333	364	5.212709357527137
333	389	1.6060683742640007
333	397	1.4922816339846516
333	423	1.6861686477638913
334	413	2.1854080665951203
334	445	1.7806025671228385
334	449	2.2168232976049986
335	337	1.6502614019658592
335	343	2.4330572258773984
335	357	1.3384132692710846
335	427	1.7960839443770207
336	361	2.421309713130543
336	395	1.5011907947571275
336	403	1.469241465701462
336	448	3.528261914594867
337	342	2.1728844924235107
337	357	1.5160443206918421
337	360	2.297356499017196
337	405	2.3330218395442
337	416	2.1976092985435516
337	427	1.8263772187724996
338	442	2.254018401762365
339	398	1.6064545133775125
340	410	2.260933970834694
340	421	1.8916399685892502
341	443	2.430168245412497
342	351	2.1909413929980013
342	390	2.4465652612643183
342	393	1.6294633366512292
342	408	2.374224443971758
342	438	1.8436573271059484
342	448	2.250183691349311
343	357	1.7124060116934983
343	390	3.804601636014005
343	393	2.4373574861158867
343	421	1.2414677105633918
344	438	1.8349042566504223
344	445	1.5245375303842743
345	365	2.0716120540438174
345	374	1.8603806159757181
345	377	1.6325163734724437
345	418	1.2724213240168656
345	424	2.133819006074014
346	361	1.2586436719316398
346	391	1.5306868221264749
346	409	2.404823246081211
347	384	1.2768808300682872
347	398	2.022730701081053
347	407	2.1788361471885205
347	412	1.9516992869644767
347	413	1.4584161231776704
347	435	2.3188869845810154
348	361	1.6258080900875407
349	392	1.3402199388022376
349	407	2.1107117865346634
349	410	2.3757532751043198
350	380	2.399540582833242
350	402	2.7281751386714723
350	422	2.3548495709488697
350	433	1.691211904414833
351	416	1.2315554038059784
352	356	2.3426609015552184
352	391	2.4951378313845503
352	396	2.074115176911129
353	362	1.720190393074656
353	363	1.8662270926305187
353	374	2.124438486597318
353	422	1.6279003992022831
355	383	1.6166816640175163
357	386	2.2674198538017403
357	408	2.149890585153388
357	415	1.9930723966656556
358	370	1.4431113762476362
358	388	2.297129066965736
358	394	1.5699211465605003
358	442	2.29824487863836
359	380	2.032796626963656
359	432	1.437745513139715
360	427	2.1221027462004645
361	367	2.0945297124907234
361	396	2.0000191043070066
362	363	3.6637595841597066
362	365	1.4527365017342948
362	377	2.2114327226244086
362	417	1.4859757523897175
363	365	1.3245781977445428
364	435	1.5338485597203675
364	437	1.7275088546385744
365	412	1.7212588119819197
366	430	1.4869886211146441
367	396	1.2797180684353953
367	398	2.0590255652573184
367	418	1.7945301423606552
367	440	1.2616952892372202
367	445	1.262479437148677
369	435	1.4229284338301547
370	414	1.3389718769455399
372	383	1.5077158555880592
372	428	1.9518612554842947
373	383	2.2714332427699837
373	428	1.3692323596853837
375	413	1.5833377328546652
375	449	1.881514843136423
376	407	2.3580065509827204
376	435	1.2535714861829712
377	380	2.0824729970995333
378	431	1.5459902965978387
379	383	1.3792131105847487
379	392	1.7721265768021521
379	437	1.3918826854681903
380	399	1.6418888692829183
380	434	1.6729790884797047
381	421	3.9179941506131346
381	430	1.9361132613541192
382	411	1.9620187713702284
382	434	2.0974182276970876
383	404	1.293726696717126
383	420	3.594639051975079
383	429	1.8828886925009845
384	412	1.8940881956130613
385	386	5.718764573932914
385	390	1.214864268741564
385	393	5.25795900696797
386	408	2.8435001275327925
386	427	1.86926012405344
387	426	3.175172895561735
389	424	2.0480932796327562
390	409	2.14472545192214
390	415	1.2930268421267417
391	395	1.5814533245769105
391	402	2.445310706002746
391	409	1.8066331514452567
392	428	1.2588149272895903
393	408	1.8149418251735532
393	415	2.046227696429554
393	416	3.830015439671338
394	426	4.173561040451929
395	396	1.8885061444351616
397	424	2.3658861841777767
399	413	4.020441062106818
399	422	1.4661173853236518
401	419	1.8803166309223882
402	447	2.311835749023691
403	423	2.484157766005695
404	429	2.405469234126243
406	410	2.174588446251417
406	421	2.2993749629003246
406	423	2.3288720494174293
407	412	1.41956551524329
411	422	3.2806902254570836
411	433	1.6698067388516744
411	447	1.879395254034832
412	432	0.6409781757336693
412	443	1.4271050314790195
413	447	2.335415927508604
413	449	1.4804593570461375
415	445	1.9865165915663194
417	418	3.046779165336352
417	419	2.0657084635425895
417	424	3.1777580899773263
418	424	2.323230880860368
421	444	1.3243764638630062
422	433	1.4207559405922097
423	438	3.7066793979229153
423	443	2.281131711944873
428	429	1.8864314859396911
430	446	2.250047385210494
431	433	2.097906773685154
433	434	2.1345907263668136
435	440	1.4163360965916976
443	444	1.2415155999762002
