6	7	3.258627231130692
18	19	2.3156453418674534
22	32	2.4014807715172886
4	47	1.480550358444053
29	51	1.889196555894797
12	61	1.768887510281449
36	62	1.9626134519403557
3	67	2.1803686421553583
37	74	2.425605848846856
0	76	1.328529822093471
82	91	1.5736927542484875
46	93	1.611073810650359
34	98	2.332291253180946
37	100	2.2285057985323995
101	110	1.3039981084437409
68	113	1.9099291542158077
40	114	2.0206035122398815
118	124	2.064533245448227
54	138	3.646601291291822
53	143	1.692019677676735
122	146	1.62809230668575
112	147	2.0643722054254803
116	151	1.6621773168853058
29	152	1.7299451190209996
28	156	1.9563215357667958
41	157	2.4606398521423962
48	157	1.9599981799299109
30	158	1.4922563774896558
99	160	1.554551905315922
126	160	1.5141079051422932
160	165	1.2448295611445481
101	166	1.3177514509761346
94	167	2.1128811333194353
89	173	2.7103493618524728
75	174	2.055245952396873
109	177	1.8100831643488187
119	177	1.803778138297207
110	182	1.2286044873620658
51	185	1.8283320687719513
187	188	3.9697047601057385
177	189	2.2219081541993733
161	190	1.317476349066402
29	197	1.671985894315885
10	198	1.633144420840508
173	199	2.145015023997248
7	202	1.9435490195035603
97	205	2.259398026054005
177	208	1.926406539028805
154	210	1.511840886456965
37	213	1.4221554482729455
101	217	1.3575281339433132
183	219	1.266126240869
221	224	1.9438835562062984
90	225	1.462867782063825
113	226	1.3759672506838099
222	226	1.6227443154485652
44	227	2.4885833081069983
102	229	1.9121162312116349
219	229	2.421356933694687
30	230	1.9637482957406582
210	230	1.8723631175332454
60	231	1.286408060558173
160	231	1.7400217921804169
207	231	1.6020398188285219
158	232	2.130166285454435
175	233	1.911866410111413
89	234	1.2457859439624386
169	234	1.8096418261304859
171	234	2.4345037945954076
204	237	2.0691531044794282
24	240	2.018332073907546
60	240	2.204741009366983
38	241	1.6308329213752193
139	241	1.5059146746256522
17	242	1.7753128779618939
224	242	2.179242463617207
27	243	1.670143516837123
220	243	1.2683626972646185
10	246	1.954379737125432
187	246	1.947876762747147
203	246	2.0471571963245214
248	249	2.315224564785844
148	250	1.6993754899184292
21	252	1.6530167384926262
105	254	2.3645383481861635
23	255	2.331184805221099
223	256	2.437056361491183
150	257	2.3412980150519207
193	264	3.7648475701561797
44	265	2.2091764894104147
256	266	1.2745569170787445
137	268	1.8127732762670121
183	269	1.5973538941550265
87	272	2.0392979785330514
96	272	1.6489569737865333
24	275	3.0380510992571885
158	277	1.553610340597893
155	278	1.8583764445876032
39	279	1.8731587323091379
97	285	1.4232140506930484
134	286	3.452035094768971
243	287	1.8200950314431037
211	289	1.412407192134419
248	289	1.3637872675402574
19	290	1.6522994247344622
93	294	2.009314197146323
255	297	1.3094455304655477
38	298	2.089497045287752
96	299	1.244084899572191
73	300	2.3119198825462703
256	303	1.237483291012983
233	311	2.3226161862718913
87	313	1.4985797270798258
233	316	1.82219752001251
38	317	2.0485474617221495
86	321	2.0880430893269715
265	324	1.9495663692538154
64	326	2.2088957187218625
93	327	2.283632404904642
4	328	1.517972801280731
166	328	1.9569205842171806
206	332	2.384358907451836
201	334	1.2431701995855922
250	334	2.08753418761685
42	336	2.420992835621346
246	336	2.141848134513719
31	342	1.7918400613403993
30	343	1.3494885070147387
292	344	1.8052427580043986
3	347	2.445392318007697
83	347	2.488996415417466
120	347	1.5438915877100694
345	347	1.3118226914315205
181	348	2.115065154769028
225	351	2.287665792660113
37	352	2.1304293203911904
208	355	1.9831730159443723
245	356	2.4128470745704056
195	357	1.5742116250424754
55	362	2.387719217389863
2	363	2.1927984907471947
143	364	1.9316531670447978
264	364	2.4311575196080533
27	365	1.7966191083323366
106	367	3.405151387876507
306	370	1.6076343100157608
240	371	4.583837568043723
127	372	1.8750968949419509
346	372	2.2151705389674965
13	373	1.7810355266109414
185	373	1.958830844001692
209	373	1.8749789418136515
299	373	1.582659658691278
237	375	3.3287559336351205
61	376	2.252243215543108
73	376	1.7069699810732466
242	376	2.1548364546969774
44	377	2.141098474960332
135	377	1.442846010134474
258	378	1.9852508468299839
375	379	6.106094900084724
106	382	1.5127452486542399
175	383	2.2516026504694646
185	383	1.203232170612452
22	385	1.7351121492532888
292	386	2.4202865903707345
180	387	1.9384916496946012
10	388	2.052344654058169
317	390	1.918982164272213
268	393	2.349301836065746
34	396	1.8049789183466416
116	396	4.224491162576548
207	399	1.714893577693724
349	400	2.2285757560867796
245	401	2.2782528328237954
36	403	1.279984163406697
350	403	1.8368740773133048
262	406	1.2773160979956657
299	406	1.8534321591585028
191	409	2.47832117896973
77	414	1.6546891826996606
367	415	1.4843969185491879
396	415	2.387855187741659
0	417	2.255314359100809
341	418	2.0539055029258098
411	418	1.4209014469724848
87	419	2.3487858352413253
116	421	2.267124126204087
36	422	2.277875967327609
119	422	1.91996154467632
385	422	1.805203534988104
142	425	1.3146190690386101
244	425	3.3136010844644366
213	426	1.5165939072186154
423	427	1.8229294111949255
94	431	2.1444968845620704
178	433	1.6745640781053766
317	433	1.7636709253692306
297	434	2.4213646115758323
182	437	2.26481624290682
197	438	3.5175538286617547
84	441	2.0212978940681694
220	441	1.6695487310608519
54	443	1.8623589062804025
303	443	1.588851266831504
211	444	2.116372450984512
371	444	2.1009473694698597
346	445	1.870111393847821
221	446	2.0135346451542966
16	447	4.113606717181511
73	447	4.333547954645815
174	447	1.904819741905178
197	447	1.6083311508157985
445	449	2.184041861282414
25	450	1.2346130826973927
369	450	2.051001285502315
389	450	2.0933356065730018
411	450	1.4664131973500492
444	450	4.495697746696584
50	451	1.752752673712135
67	451	1.5246934050845122
124	451	1.5889418613341062
278	451	2.229282720211831
286	451	2.204473696955354
308	451	2.4082241989492124
0	452	1.5528053905608195
122	452	3.44026430057743
131	452	1.583406869764361
209	452	1.9665545599336092
216	452	1.959312872942022
262	452	1.4018752153833187
272	452	2.193684803085157
282	452	1.7297379460021507
373	452	4.808605939012737
403	452	1.2868313909234985
406	452	1.7620264888286195
440	452	2.455356780197723
122	453	1.8135607683733266
1	454	2.016357088806771
3	454	2.39874658633483
20	454	1.7480733315259642
27	454	3.7925596838808726
148	454	2.353437366878505
213	454	2.099677674030538
274	454	1.8546394522529366
309	454	1.8822736074827273
334	454	1.7711560895804737
352	454	1.2776811288208498
365	454	4.318302472984694
19	455	1.7816458573156204
104	455	1.9329134477902843
112	455	2.0032034766867444
171	455	2.0581036018139547
178	455	1.5919709450518793
252	455	1.497348274838285
267	455	2.4167033749661004
290	455	3.9324066715543307
23	456	1.8927474191529035
38	456	3.7840077518824273
52	456	1.7156778326602207
89	456	2.2885963855939178
169	456	1.5613153180654018
171	456	1.2072091932145117
173	456	4.127544607674903
190	456	1.9168679904329138
195	456	1.5218758559382604
251	456	2.259547027445553
258	456	2.379043665943675
327	456	1.9450032750834372
334	456	1.2817025443024974
392	456	2.035243827497596
440	456	2.0909463190775357
446	456	1.9348828609493811
7	457	2.3522510719947123
83	457	1.2965231707852534
105	457	1.3477654953438374
198	457	3.5300054519198403
202	457	1.202652491045832
222	457	3.711423834512421
226	457	2.0068197598399737
271	457	1.8829603254578458
343	457	2.007937479212479
419	457	1.2441881740759841
89	458	1.4029128272068663
93	458	1.8981324499256873
185	458	1.6168469707096769
234	458	3.7049845058346067
272	458	2.4821912358222247
35	459	2.1328743052193326
54	459	1.38018675440037
118	459	2.481233575125432
154	459	1.691969740946775
166	459	1.6108199405105492
204	459	1.5555781106286286
210	459	2.236819616960382
230	459	2.28756352512508
307	459	1.6226013210812174
437	459	2.339627398589852
19	460	1.5029190904870673
85	460	2.009793364467828
104	460	2.1662925040285015
147	460	3.446402308233719
171	460	2.8245443899631986
184	460	1.9287812683858805
187	460	1.8915403415386343
188	460	1.3325555469331318
290	460	1.603841798317263
307	460	1.8114649667936167
363	460	2.398166821315261
19	461	2.180942695287954
21	461	2.184495724062509
104	461	1.4194130857460343
134	461	2.0690489965362415
147	461	1.3551270441085466
149	461	1.2086356943232266
188	461	1.9340525488245977
199	461	2.1730998565063064
268	461	1.8979199236120101
455	461	1.4330190450157518
52	462	2.049756575821616
72	462	1.271109488567853
155	462	2.4678947784754923
184	462	2.3385188292039114
235	462	1.8569631908201394
241	462	2.052075103291568
378	462	3.8109583133094596
458	462	1.8891962897430687
76	463	1.2044686982546404
77	463	1.5977583161946947
106	463	1.5641507873179301
114	463	1.526235293087494
185	463	1.7800121905310449
225	463	2.1649610735256086
233	463	1.4945950713063565
259	463	2.3119041806299165
333	463	1.4025018171252388
352	463	1.685720831958262
392	463	1.8067635784866687
401	463	2.035075580639081
435	463	1.2875672901938278
53	464	1.5769562180260666
80	464	1.6046761414808344
91	464	1.4419655371985916
158	464	2.1924431769480393
166	464	1.3043824975775726
210	464	1.238676938733089
219	464	2.3379330127114164
364	464	2.220154149763886
397	464	2.308955299901708
459	464	1.4518474137967676
462	464	2.1077502077871952
46	465	2.144925879286529
71	465	2.371608619613428
136	465	3.3698143020749107
229	465	2.3220173346396353
294	465	1.9762309230346085
456	465	1.5623198954977346
1	466	1.2390054075408747
50	466	2.2054198783745083
70	466	2.3465244380908623
88	466	1.80069714759413
201	466	1.5874243971390263
243	466	1.2850562862720971
278	466	1.4815076492006458
337	466	2.1956287655591527
404	466	1.2904474253383555
406	466	1.4040378445964927
414	466	2.262815363708822
135	467	1.6685253398608748
151	467	2.4258546563750354
156	467	1.421363492592742
209	467	2.3496385434280063
256	467	1.549615353137043
262	467	1.7048349049544793
283	467	4.874516650244901
305	467	2.3163952841344897
306	467	2.080511267368302
356	467	1.988357506551917
360	467	2.271294693104065
368	467	1.2749754124423747
429	467	1.8034363937437892
30	468	2.2301096065682926
102	468	1.6337840077571744
110	468	2.174978695241168
115	468	1.7648757032359392
143	468	1.4063947417016847
166	468	2.0501825964806706
172	468	1.5341766940347696
265	468	1.9902606113816623
269	468	2.0979365974630677
289	468	1.6278544841864389
324	468	3.250812573763281
377	468	1.349496978402091
402	468	1.6701866715712674
424	468	2.173930115191222
456	468	1.7689168069499304
2	469	1.8037881546609793
74	469	2.338090624589521
89	469	1.2008468395680454
112	469	1.8633290476012765
142	469	3.6389827544063547
225	469	1.2113915050588986
262	469	1.2309232052559702
267	469	1.3566533100634401
268	469	2.0556835119541033
335	469	1.7775164917059199
402	469	2.180662647908004
460	469	1.9328671216193514
55	470	1.2034812974398394
86	470	2.1225349861425507
119	470	1.2678943723248197
177	470	1.7393877353252982
188	470	1.3177938142217422
208	470	1.8260922196461702
256	470	1.5328139985844733
340	470	1.9879688194045997
346	470	1.7051116160429132
361	470	1.2857862806569662
445	470	2.294267254001602
449	470	2.004003594462385
460	470	1.5555563973175492
54	471	1.525900861859715
181	471	1.7905210082257614
215	471	1.3753916339913692
269	471	1.796396696821513
324	471	2.410290777772114
325	471	2.3484476695454575
343	471	4.15632227683817
364	471	2.0230887003208213
424	471	2.06256590432375
468	471	1.4901510605656827
3	472	2.136976859519232
88	472	1.9536408613365306
134	472	1.9135487677366698
218	472	1.68344345001439
273	472	2.4873326996551146
274	472	3.6032243082803426
278	472	1.3123829101327227
347	472	1.998339698094941
365	472	1.884193167388418
387	472	1.8425862029301814
5	473	2.0360389310686253
36	473	1.590883942564428
66	473	1.6366924221980867
145	473	2.094643557196565
160	473	1.8233861400656366
204	473	2.3430099635186146
288	473	1.3665195762924771
289	473	1.9042138101610642
322	473	2.230690340562337
341	473	1.4360095643538113
418	473	1.8452742612757942
432	473	3.2067456132385246
15	474	1.7410253973788212
55	474	2.3596826793294077
79	474	1.5046458625101482
119	474	4.348332553551986
161	474	1.5957982131277582
164	474	1.7863905511535751
252	474	1.9286853203619838
253	474	1.2495725034006158
273	474	2.076201358419401
409	474	1.8207262628285639
445	474	3.926737506204648
470	474	1.6811317204392036
76	475	1.6871699902656219
92	475	2.3269126195005754
152	475	1.4954041419745407
185	475	2.44613627133978
225	475	1.9586292959781648
233	475	1.9658561296718702
245	475	3.7368244341188337
401	475	2.370395931465888
435	475	1.4996690626494371
463	475	3.4765952838519083
112	476	1.6313731271974974
137	476	1.6587745108785568
178	476	2.07597573009438
212	476	1.7940959045367484
228	476	2.2996433284982603
229	476	2.1953387817288545
267	476	2.1579299134633105
286	476	1.238997153546966
363	476	1.6158890633139866
469	476	2.4594271258226756
29	477	2.2969078841853383
70	477	1.629629232842606
152	477	1.7723841146526746
185	477	1.4550900981032928
277	477	1.6864143425515385
404	477	1.6667809159323965
440	477	1.471314063612451
453	477	2.1017810873641123
475	477	2.416558500577283
6	478	2.2161748553454803
109	478	2.1313342064173906
138	478	2.4864042181262134
166	478	1.8401608421574767
193	478	2.3458879329389553
281	478	2.122944222172756
366	478	2.070669941593336
423	478	2.35329243808191
457	478	1.630054038853082
3	479	2.0360050277665804
108	479	2.122107010575079
133	479	2.4475742527767803
152	479	1.403308321415189
164	479	4.0672812729412
200	479	1.7675162445832833
227	479	1.5341408183299883
263	479	1.4929434847748695
300	479	2.068590358556167
366	479	1.4742860870253258
415	479	2.4726983389346007
443	479	2.2321961214882875
4	480	1.9228244475726992
16	480	2.4753243491571384
223	480	1.337353704399921
266	480	2.425902347837873
317	480	1.701646274244089
332	480	2.298425270634125
340	480	1.9410272481354611
355	480	1.5576703966487655
405	480	1.589556046295572
422	480	3.9895349413584436
428	480	1.6863806853607457
18	481	2.075466307687203
57	481	1.857491732502321
147	481	1.3022954542763217
150	481	2.102138258955052
185	481	1.5794595618828877
199	481	3.6147780658190007
224	481	2.204801764081611
257	481	1.6652839575985061
277	481	2.0285167281973204
286	481	1.5238525069987483
360	481	1.6317237639728615
390	481	1.4689049942671681
419	481	2.4248416326412903
434	481	1.9864624775175668
28	482	1.541951947288226
63	482	4.538662495806172
87	482	1.488388010526855
97	482	1.7825530385857826
140	482	1.6210946489843079
146	482	1.202195138094191
156	482	1.2741172885098715
175	482	2.3001642588947844
207	482	1.9477482928763383
239	482	1.9077474236525638
272	482	1.7034437591624156
282	482	2.484897115008459
379	482	2.434563294872355
385	482	1.7263982255089905
447	482	2.0288050662586468
19	483	1.5448956475565634
119	483	1.6698188490914925
148	483	1.4555149776644767
196	483	2.0042128146945073
397	483	2.154820504297929
439	483	2.4575969860428084
447	483	1.2354275093511182
57	484	1.9648893165237677
134	484	1.7912705565008111
189	484	1.883009931261837
220	484	1.8698172820456682
228	484	1.2805640595759336
267	484	1.4899329215896635
302	484	2.368607419161351
307	484	2.412436116260359
340	484	1.766243364999065
44	485	1.9289066990882933
100	485	1.4195443318563188
102	485	1.249745370866169
115	485	1.4018187715605517
143	485	2.4288021833048177
210	485	1.9421506403235616
269	485	1.2009352095717007
424	485	1.2000500244068282
454	485	1.4649576183175397
459	485	2.368031800824629
19	486	1.5997932205725376
137	486	2.1506674897835634
244	486	2.353541669029974
251	486	2.3425684332745793
268	486	2.2480263490764285
469	486	1.8199257993921834
476	486	1.8844901796139317
482	486	2.1094207799216087
1	487	1.2251623271911716
67	487	2.0378387183662685
84	487	5.043020618311794
148	487	3.6634638177597814
168	487	1.2878445921891577
213	487	2.0203212074716657
220	487	1.4004822837125812
243	487	1.3893402285823713
287	487	2.271716477658555
347	487	1.5184600084576143
426	487	2.1459346647532005
466	487	2.4240935430282624
46	488	2.158587475754419
52	488	2.467768603679741
93	488	2.0845840212683946
212	488	1.7011999223167322
302	488	1.357178989470844
401	488	2.0500843897200483
456	488	2.0303611978556706
9	489	1.900571758615405
68	489	1.5449931297624389
105	489	1.9396240055695042
113	489	1.2373858828248694
179	489	1.2531928878026641
270	489	2.218680604925681
276	489	2.2657259044290825
403	489	2.3851666507309215
190	490	1.5209758113844485
212	490	3.6739124914957153
266	490	1.2319332717823412
327	490	1.8523649863133151
446	490	1.265976759701637
462	490	2.203312673925801
465	490	2.364805246798677
485	490	1.3936854064868855
58	491	2.4754690117783094
61	491	2.299653994337553
76	491	1.3715630667143501
95	491	2.14038280636109
112	491	1.925877016330577
118	491	1.867679064228994
152	491	1.5676855289367064
155	491	1.231806130530316
175	491	2.2338234964385038
197	491	1.7235205075226117
214	491	1.961273019084071
245	491	2.1719706226005284
267	491	2.3584915932008363
412	491	2.9567987668387965
435	491	2.4799256361738276
440	491	1.713717625680462
475	491	1.6035351642032878
35	492	2.4821391147807628
44	492	2.278115726075982
54	492	2.345275313542774
102	492	1.522297588610336
110	492	1.2958006259547323
206	492	1.988931095923105
263	492	1.6488071014886587
265	492	1.4936719401707794
280	492	2.4200507969777463
296	492	1.4493526000653578
325	492	1.7168621768413788
350	492	2.3943014704177763
365	492	1.7696964164249112
417	492	2.0708291392905993
485	492	2.393191977738044
23	493	1.4075253705835695
52	493	1.3035425250078225
80	493	1.972218935774134
89	493	2.04758938142687
126	493	2.1719343335017474
253	493	2.455541837740877
258	493	2.1440763051208185
330	493	1.8772014446917513
331	493	1.9218710234699192
488	493	1.4730797870925372
23	494	1.5564356176284306
82	494	2.407488611721374
136	494	2.2526878693879113
169	494	2.4709426766876432
212	494	2.26723663950103
249	494	2.074553311405465
276	494	1.5439100461893107
351	494	2.3194971330905405
378	494	2.193242531423021
392	494	1.5482208642463529
82	495	2.050314802206481
167	495	1.3378069768654854
170	495	2.369290068773178
247	495	2.405388441410445
284	495	1.409341100867024
292	495	1.2101874021120604
358	495	1.77097134629998
386	495	1.8722153632005214
398	495	1.2128939215253436
415	495	2.108228092120377
421	495	1.6637609119364072
431	495	2.1746819227605814
438	495	1.4348609313595013
11	496	1.8016436107067204
32	496	1.8908899512378166
111	496	2.252090470993461
149	496	1.7929032716138342
207	496	1.2268895195742662
231	496	2.1835465781208794
275	496	1.4236343177324373
314	496	2.105628951862499
323	496	1.9627909268308104
410	496	2.002730596144576
11	497	2.220284085454604
32	497	1.40448566354025
99	497	2.4347776338266813
111	497	1.5080867206679518
129	497	2.421287279206165
137	497	3.4386216178737383
180	497	1.8585708864334665
288	497	1.9307965271674332
314	497	1.9151514507133494
316	497	2.0644374887963997
389	497	1.5196940144695326
432	497	1.9122121149133702
439	497	1.4049152634006956
496	497	2.025051201783738
101	498	1.7544099974197633
361	498	3.2726173917276884
424	498	1.6735879618894602
437	498	1.3091086192289496
459	498	2.1189146743200227
70	499	1.255747067667571
73	499	5.700489465506889
76	499	2.222042343738127
81	499	1.6346565101043609
197	499	1.418498042702089
245	499	2.3695541589480165
320	499	2.104222279309243
389	499	2.478929414476124
404	499	2.1119262607765457
424	499	1.864915152839046
435	499	2.0851868837471548
