0	42	1.4027693627234836
0	76	1.328529822093471
0	156	1.361474705108278
0	159	2.4137257924554927
0	209	2.168851144633876
0	282	1.9254053634636308
0	417	2.255314359100809
0	452	1.5528053905608195
1	84	3.516349783810397
1	148	1.3532950638637218
1	157	3.6470297864360925
1	172	2.0992118296704727
1	261	2.405658316065911
1	309	2.3586281913520293
1	352	3.2394523136579556
1	406	1.4810277542637662
1	454	2.016357088806771
1	466	1.2390054075408747
1	487	1.2251623271911716
2	85	2.4366110927432
2	141	1.7688098474572662
2	179	2.2040945646881953
2	193	1.2840572671828925
2	286	1.3330535783302293
2	363	2.1927984907471947
2	397	2.4608315997888752
2	425	2.116173274483783
2	469	1.8037881546609793
3	14	1.6467407168785924
3	67	2.1803686421553583
3	77	1.28607161965512
3	88	1.8393897472450895
3	96	1.6886684962488228
3	101	1.6341843822216793
3	213	2.1247914913733723
3	218	2.372396749938008
3	220	2.094581961428665
3	297	1.7223890013454692
3	307	1.9646828873232127
3	347	2.445392318007697
3	352	1.3576478171197146
3	414	1.891482521860889
3	454	2.39874658633483
3	472	2.136976859519232
3	479	2.0360050277665804
4	47	1.480550358444053
4	50	1.6306850977503633
4	55	1.427388604693467
4	177	2.180235514836454
4	252	2.3318514990284864
4	253	2.45362901945846
4	310	1.802781484632975
4	328	1.517972801280731
4	332	1.5440182719523727
4	346	1.6380726508649932
4	405	1.4674362968211079
4	480	1.9228244475726992
5	36	2.414736178363259
5	84	2.1146314266587822
5	90	1.9454660855027714
5	117	1.937792263226377
5	167	3.7598591738246734
5	221	1.9791637339666126
5	224	2.20008215755265
5	295	1.866057918475338
5	351	1.4807327392342933
5	396	1.382975604852744
5	409	1.2281104126245554
5	473	2.0360389310686253
6	7	3.258627231130692
6	10	1.4033942344710697
6	68	1.898957281228535
6	109	1.7878410620785172
6	113	1.4178914807565095
6	144	2.3563197969337377
6	193	1.8488772287306896
6	226	2.164062743301111
6	245	2.467178897257616
6	258	1.7529674843616052
6	276	1.808506835957207
6	278	1.8031115871830168
6	478	2.2161748553454803
7	144	1.2089764028089212
7	164	1.413209573642002
7	166	1.9515485696521546
7	200	1.2830184894049481
7	202	1.9435490195035603
7	226	1.6717154101298246
7	264	1.3571956619317656
7	279	1.834168915151792
7	303	1.5194663819548737
7	457	2.3522510719947123
8	16	2.7305350393586054
8	59	2.4943345509337735
8	69	1.2154113083031568
8	90	1.4827725344789857
8	121	2.2610825540213675
8	152	3.9256373337938575
8	225	2.433714103853778
8	435	1.575254197705151
8	447	2.3560541144089004
9	48	2.030186183098348
9	55	2.389115968170054
9	108	1.9521017009309543
9	144	2.470437095698336
9	164	2.3812020460679655
9	271	1.902456926695943
9	329	1.3208225584283795
9	354	1.8555668744580773
9	388	1.4356613543690064
9	419	1.6766994516646085
9	489	1.900571758615405
10	75	1.271027296870135
10	113	1.9506710448803632
10	133	1.4403976670021124
10	153	1.8230078296542291
10	198	1.633144420840508
10	200	4.467287405423479
10	222	1.559180728580484
10	223	2.224064743168082
10	226	1.6302425564488918
10	246	1.954379737125432
10	298	1.9391630069879016
10	368	1.8713920693372685
10	388	2.052344654058169
10	392	1.419879039001763
11	24	2.036129313379197
11	111	1.7131323146985362
11	165	1.769202232315298
11	367	1.5054117243490608
11	371	1.425311166953902
11	408	1.909995364953427
11	416	2.234460129876085
11	444	1.5904194597184267
11	496	1.8016436107067204
11	497	2.220284085454604
12	58	1.8904216944453904
12	61	1.768887510281449
12	76	2.3713075603185896
12	132	2.2849952884602756
12	174	2.491913995897918
12	311	1.4931659798842625
12	333	2.9690585442437145
12	376	2.231058315873371
12	421	2.494274971230718
13	17	2.472610271723049
13	39	2.0233300693176965
13	71	2.135798004452033
13	82	2.2096186243305604
13	98	2.105385508415515
13	116	2.2708926030649286
13	130	2.4467425294476377
13	170	2.1247495053314918
13	187	2.004498086792082
13	242	1.6651318704532847
13	295	2.437865578263694
13	344	2.4293493509258477
13	373	1.7810355266109414
14	40	1.7477248662347722
14	41	1.814084930201405
14	77	2.43891540991159
14	88	1.9441427685761399
14	101	1.9310415002198607
14	120	2.067439879237598
14	157	2.1745891307688385
14	218	2.8275061898018397
14	220	4.532690426213567
14	274	2.36757262040578
14	353	2.0560056901014065
14	365	1.3210119944245156
15	64	2.2471783118700195
15	86	2.4201392187560704
15	119	2.906351374846218
15	177	2.150035370910871
15	223	2.0659667288411576
15	321	2.1052004140681073
15	362	1.4153661480121293
15	382	1.4663065159100683
15	449	1.2018742760722
15	474	1.7410253973788212
16	43	2.1436923431031714
16	79	1.524909876051853
16	236	1.669164512551405
16	333	3.4333416518229796
16	447	4.113606717181511
16	480	2.4753243491571384
17	49	1.344498930200786
17	94	4.385660672507113
17	151	4.0772038639889
17	217	1.7756604897845167
17	224	1.6564872733365865
17	242	1.7753128779618939
17	247	1.360777620562679
17	279	2.2566274615133173
17	284	1.6746595501998978
17	331	2.3590271211921943
17	344	2.4273348754017254
17	395	2.407755621406891
17	400	1.9396405315474232
17	431	2.3829905619570857
18	19	2.3156453418674534
18	55	2.3253113694701018
18	57	2.1346797379384017
18	85	2.054526393672598
18	104	1.6017395090235471
18	112	1.5212706179306714
18	127	2.397653334336827
18	141	1.795331262739354
18	142	2.4351621918367656
18	147	1.9930635127635687
18	194	2.239329392791761
18	267	2.2031471153759528
18	363	2.3000595384312623
18	481	2.075466307687203
19	57	1.2438646855311208
19	74	1.2330152154101117
19	179	2.072976601877303
19	199	1.4516959952478454
19	244	1.72662353989011
19	251	2.0225184982666167
19	257	1.2382537698234204
19	290	1.6522994247344622
19	445	1.377733055612214
19	455	1.7816458573156204
19	460	1.5029190904870673
19	461	2.180942695287954
19	483	1.5448956475565634
19	486	1.5997932205725376
20	27	1.271590315750023
20	201	2.218544063736588
20	243	3.959517713590548
20	287	1.2639595727260529
20	345	1.2615802194334245
20	365	1.3130535470334612
20	454	1.7480733315259642
21	159	2.3841983930769626
21	208	2.1184492962278054
21	252	1.6530167384926262
21	254	1.542977946211093
21	255	2.3168290119575006
21	299	1.5756552949686948
21	301	1.6872621296487371
21	321	1.2348634519977162
21	326	1.9254099241831346
21	346	2.054712651987916
21	360	2.4627144139274506
21	433	2.489109594844045
21	461	2.184495724062509
22	28	1.5109098459397545
22	32	2.4014807715172886
22	246	1.8506009611935585
22	305	1.2043968985061881
22	360	2.4111612610549074
22	373	1.7807143429200487
22	385	1.7351121492532888
23	89	1.7893560257657686
23	139	3.6301166542670917
23	190	2.9600023730604192
23	255	2.331184805221099
23	380	1.9566467146442954
23	456	1.8927474191529035
23	493	1.4075253705835695
23	494	1.5564356176284306
24	99	2.331868714380862
24	149	1.741214215323623
24	177	2.142402445230055
24	211	2.0536012540106343
24	240	2.018332073907546
24	275	3.0380510992571885
24	288	2.06956154826487
24	322	1.2592757813701367
24	371	2.02705493344832
24	425	2.179897381403033
24	429	2.4196992480000263
25	32	2.0642717771932646
25	66	1.3809826893038601
25	129	2.1580921547559413
25	160	1.4655330841729146
25	240	2.0282249207095306
25	291	1.3294641967682017
25	338	1.5677856931530756
25	407	1.6127568878492742
25	411	1.315380563617554
25	432	1.3714467893477176
25	450	1.2346130826973927
26	85	2.395261014589354
26	127	1.9393029257025691
26	352	2.1243025935838755
26	425	2.274373191993976
27	148	2.462515584088377
27	213	1.4727129944624529
27	243	1.670143516837123
27	286	2.41918734542144
27	308	2.168817548734853
27	365	1.7966191083323366
27	441	2.168209992550922
27	454	3.7925596838808726
28	135	1.6294989000286852
28	156	1.9563215357667958
28	209	1.6284004691275022
28	222	1.4661036832522307
28	246	1.6624919281347437
28	305	1.9774803216595347
28	339	2.041499358579784
28	373	2.4734604890100282
28	385	1.881301052507569
28	482	1.541951947288226
29	43	1.2885088558303674
29	51	1.889196555894797
29	59	2.4271494121931525
29	73	1.3652673212882074
29	114	1.9504819153073598
29	152	1.7299451190209996
29	197	1.671985894315885
29	225	2.0376240040711497
29	233	1.5118380898414185
29	259	1.2661061960588194
29	390	2.440032055724365
29	477	2.2969078841853383
30	44	2.1672431265147365
30	101	1.837070355833821
30	102	1.5634275603386678
30	110	2.185903188620024
30	154	4.206616727292003
30	158	1.4922563774896558
30	181	2.369275987968992
30	204	2.4751925567047675
30	213	2.36320960822444
30	230	1.9637482957406582
30	343	1.3494885070147387
30	377	1.6212907793292297
30	380	1.504511163690245
30	424	1.4010961724859217
30	468	2.2301096065682926
31	38	1.943778432843252
31	46	1.7415886774792468
31	115	1.7061473385649755
31	158	1.2749850915355612
31	265	1.896792317125964
31	342	1.7918400613403993
31	437	1.4726296354854476
32	67	2.3761089671502322
32	78	1.2289916260458966
32	318	1.435590182742396
32	323	2.1480971701934997
32	341	1.51872307892202
32	369	1.7211088288990366
32	432	1.4806335292191426
32	496	1.8908899512378166
32	497	1.40448566354025
33	145	1.7512512294584237
33	159	1.5028957269934786
33	165	1.51567754779249
33	231	2.2968209641969395
33	324	1.9738425706426876
33	338	3.370585771653217
33	416	2.0397941728201068
34	49	2.4774835400251787
34	82	1.7151584733685477
34	98	2.332291253180946
34	170	1.6870673372122267
34	279	2.164911252788878
34	288	2.177540233304047
34	295	1.5192011401916152
34	358	1.5892206967726128
34	395	1.6472515897985118
34	396	1.8049789183466416
34	415	1.823608557737686
34	421	1.5855422554300127
34	431	1.4621504614726792
35	54	2.262003704824766
35	102	1.9613477622101665
35	115	3.6971466507147546
35	118	2.1344144975684243
35	181	1.7083126106681323
35	182	2.3645308498797957
35	217	1.5726943802703997
35	325	2.045097401856987
35	342	1.4658554355035784
35	459	2.1328743052193326
35	492	2.4821391147807628
36	49	1.428457995818098
36	62	1.9626134519403557
36	76	1.2171410150588606
36	82	2.4457130365746504
36	144	1.8262048717407193
36	224	2.2307435283103016
36	234	1.2691334526559266
36	284	1.512805366003235
36	292	4.381525523636737
36	316	2.254199242311988
36	403	1.279984163406697
36	422	2.277875967327609
36	473	1.590883942564428
37	43	1.7454161097311887
37	74	2.425605848846856
37	84	1.707103424712431
37	100	2.2285057985323995
37	120	4.068600552439433
37	155	1.5199258211809477
37	172	1.2705011211714516
37	188	1.3824198073699525
37	213	1.4221554482729455
37	220	1.6568704982862092
37	238	1.6310273238191306
37	250	2.443575708963607
37	278	1.9728551772740974
37	309	2.1274784116641943
37	334	1.6052087492128915
37	352	2.1304293203911904
38	46	1.9032828985979093
38	48	2.2270729728379925
38	53	1.4065606797205892
38	89	1.5371654397987822
38	93	1.8061288509890776
38	103	2.0618942360563524
38	126	2.861587831278497
38	173	2.0413363438691454
38	211	1.8154099519335234
38	212	1.395259623155772
38	232	1.5281068411653336
38	241	1.6308329213752193
38	298	2.089497045287752
38	317	2.0485474617221495
38	394	1.8483830031755626
38	456	3.7840077518824273
39	116	4.17077528737499
39	149	1.98329161727036
39	178	2.251464549944272
39	249	2.0485920370741884
39	279	1.8731587323091379
39	304	1.4742673258178771
39	344	2.2323010589768457
39	351	1.8916439812718004
39	363	2.300260150105765
39	384	1.679806126816026
39	428	1.3997780255756354
40	67	1.3410706866674986
40	114	2.0206035122398815
40	115	2.261079793382583
40	155	1.4321600886821382
40	201	1.3505573186926922
40	235	1.5261770209872458
40	243	1.8167879577663713
40	315	1.80881446014511
40	352	4.552060038077182
40	365	1.4353062981899605
41	77	1.9484292309643663
41	126	2.004477427841122
41	157	2.4606398521423962
41	201	1.615159346097839
41	218	3.62285523448484
41	261	1.68522297284163
41	308	1.408945108658037
41	309	1.8306770482235177
42	135	1.667013832891714
42	203	1.945059273362204
42	246	2.023814756627477
42	250	1.9402025906016207
42	283	1.6369771277985496
42	302	2.039417042942058
42	336	2.420992835621346
42	360	1.2642451952895655
42	429	1.2119392607040664
43	61	1.3588218242895518
43	114	1.6271260436431345
43	152	1.7948243186654707
43	225	2.250299482829649
43	245	2.282136075664946
43	319	1.5603677370358877
43	364	1.2843911141662363
43	430	2.0954680077224292
44	115	1.5322333558646373
44	143	1.5674218537909712
44	154	1.311985320492569
44	170	1.4047451797919377
44	183	2.029004998092836
44	204	2.1138816829220484
44	217	1.4757625973391049
44	219	3.8426262604160266
44	227	2.4885833081069983
44	265	2.2091764894104147
44	274	1.960935374617125
44	320	2.0233967579223737
44	377	2.141098474960332
44	485	1.9289066990882933
44	492	2.278115726075982
45	136	2.0103136622322215
45	139	2.0395656189055233
45	173	2.355682886647199
45	195	1.4799814024646691
45	212	2.4553337706954714
45	258	1.4916251070661857
45	350	1.219022927709673
45	384	1.727214270172749
46	48	1.337774434732303
46	82	2.4133881653323614
46	93	1.611073810650359
46	100	2.407122378044412
46	156	2.1054388154355657
46	195	2.285180304676098
46	244	1.6390653545362732
46	248	1.6695137105013074
46	378	1.472068516481137
46	393	2.008577625026999
46	394	2.2320869014473637
46	465	2.144925879286529
46	488	2.158587475754419
47	56	1.3046376862485722
47	65	1.9963374469233726
47	183	2.0267561572733594
47	328	2.2855163856944256
47	387	2.4515978774194287
47	436	1.4181648722427083
48	105	4.593495494731752
48	157	1.9599981799299109
48	200	4.426758367415905
48	202	1.5610088868138232
48	252	1.90119356973908
48	270	2.1729995084894638
48	276	1.303909681972301
48	343	1.7945700956732917
49	71	1.6646772328647816
49	94	2.4756714870954903
49	117	1.9325469796374932
49	312	1.818032148949773
50	77	2.864812598562305
50	100	2.1441633165531027
50	192	2.2633390698833686
50	220	1.6573866050345316
50	238	2.299752194608904
50	278	1.3378198163969164
50	334	2.032574665614026
50	426	2.056871507054974
50	439	1.241001569887044
50	451	1.752752673712135
50	466	2.2054198783745083
51	61	1.8915783382914133
51	114	1.3442441472960267
51	132	2.327052766472966
51	174	1.8515010601987707
51	185	1.8283320687719513
51	208	1.9586208728797672
51	225	1.7772910897725074
51	239	1.6016621886440006
51	259	2.0129743555019837
51	356	2.1040999668754514
51	447	1.2383542434904442
52	93	1.8400358080597576
52	136	1.6261278252525828
52	190	1.731441259540443
52	212	1.9994771371121471
52	234	1.9470154994653306
52	394	1.7838849523463933
52	420	4.041938494731932
52	446	1.2101963842286438
52	456	1.7156778326602207
52	462	2.049756575821616
52	488	2.467768603679741
52	493	1.3035425250078225
53	101	2.100172512385531
53	114	1.3138839219198353
53	143	1.692019677676735
53	158	1.585515054263639
53	232	2.089150709628159
53	233	1.8577201181075182
53	342	2.3416586882623722
53	402	2.7149710196669843
53	414	2.1957376747222415
53	464	1.5769562180260666
54	80	1.8115861124395987
54	103	2.210898355191352
54	138	3.646601291291822
54	204	2.2394574448239695
54	230	1.4615366646565375
54	277	1.582951142385858
54	342	4.426524099604831
54	348	2.221679075693012
54	377	1.2559545826192604
54	443	1.8623589062804025
54	459	1.38018675440037
54	471	1.525900861859715
54	492	2.345275313542774
55	214	1.6322381247781996
55	303	2.2440471589684376
55	310	2.255840343622727
55	362	2.387719217389863
55	470	1.2034812974398394
55	474	2.3596826793294077
56	176	1.8929127321900345
56	177	1.2610559105290102
56	303	1.6739738809480307
56	321	2.3649527031648168
56	440	1.3016491382458366
57	74	1.922305051332511
57	112	1.2704497625210418
57	134	1.7953432714722342
57	141	4.31472092466808
57	179	1.6420541420622288
57	199	2.1136734602891862
57	212	1.5440728205332648
57	217	1.378750134066947
57	286	1.4996983764134195
57	410	2.004921121436988
57	481	1.857491732502321
57	484	1.9648893165237677
58	59	2.031302984895606
58	73	1.6674185768119572
58	124	2.4154641152072793
58	225	1.8562951579505862
58	244	1.9785007782601856
58	245	1.2950443039486432
58	316	2.061663098510383
58	401	1.7445036775807727
58	491	2.4754690117783094
59	76	2.2960598986566048
59	132	1.8176125531935423
59	316	1.8255830667081385
59	404	1.612080893061406
59	447	1.7627207094209654
60	149	1.4406515352467542
60	231	1.286408060558173
60	240	2.204741009366983
60	248	1.638480673734816
60	251	1.339030088827743
60	288	1.6591137548320058
60	322	1.5365887360725599
60	338	1.8678349339678002
60	448	1.941030061728131
61	90	1.4247246410236356
61	152	2.4971332278925154
61	182	1.9938007421564734
61	189	1.6554335368316653
61	311	1.7257602180336207
61	316	2.339191064453006
61	376	2.252243215543108
61	491	2.299653994337553
62	87	2.3704737132161657
62	200	1.589465330428458
62	226	1.5804904705082587
62	241	2.377703316201957
62	271	1.382800981745363
62	419	1.9860488348493284
63	135	2.00610289019039
63	237	1.487781288647862
63	283	1.3707708517529922
63	312	1.883937168991285
63	379	1.5035803298067378
63	393	1.639062997555237
63	482	4.538662495806172
64	65	2.3184246009981226
64	86	1.897464486304918
64	189	1.8745733226447294
64	234	2.1838761908106816
64	263	1.4530641767257955
64	303	1.2324453426469129
64	311	1.598475350932219
64	317	2.302819011615537
64	321	1.2315058730923731
64	326	2.2088957187218625
64	332	2.4848363709585923
64	377	1.6496940687837387
64	422	1.817390827623519
64	449	2.08081941135765
65	206	1.2023603364939868
65	223	2.4505116811460086
65	253	1.571137079047156
65	340	1.8870370300133876
65	436	1.7693274191761241
66	81	3.7043828293509646
66	106	1.8197680193507437
66	159	1.2198061294994562
66	162	4.246764746005207
66	168	2.319093939487287
66	177	1.6604561136402443
66	231	2.431194089073591
66	387	1.7519011869887735
66	418	2.427264350241541
66	473	1.6366924221980867
67	88	3.175474616705479
67	157	1.7843160569406369
67	213	1.7802906697591911
67	274	1.7052027701881052
67	283	1.492042043432468
67	297	2.478797904952139
67	309	2.479646518805577
67	352	1.8752983982234697
67	414	1.966973401023438
67	441	3.7565582667015867
67	451	1.5246934050845122
67	487	2.0378387183662685
68	71	1.804598714349701
68	83	1.451436498506427
68	105	1.715631074305432
68	113	1.9099291542158077
68	281	2.2649823930940087
68	381	3.4682488816084796
68	489	1.5449931297624389
69	93	2.1502937035880816
69	223	1.6312108771858913
69	293	2.2792656893678096
69	381	1.7669976691379181
70	73	1.2560165527786804
70	121	1.3093837026740638
70	152	1.7796511315338603
70	174	1.3629872432955263
70	236	2.4651480486791684
70	311	1.6413747505692358
70	404	1.3182423902981473
70	442	1.81263261326498
70	466	2.3465244380908623
70	477	1.629629232842606
70	499	1.255747067667571
71	130	1.778574541694773
71	202	1.5552864530965047
71	209	2.1475808535169594
71	295	1.304149324474446
71	312	2.4572277629859807
71	323	2.0919567245841937
71	396	2.081357145715648
71	400	2.2434969774938924
71	415	1.8230920438818101
71	421	2.0861488799482064
71	431	1.420067737451623
71	465	2.371608619613428
72	190	1.7387375286860414
72	238	1.7860693259099385
72	241	1.7064324632984111
72	327	3.953736420328242
72	378	1.2609390124233422
72	462	1.271109488567853
73	92	1.6081262460227244
73	225	2.144994639067183
73	241	1.9717350347129052
73	259	2.446738135965723
73	300	2.3119198825462703
73	376	1.7069699810732466
73	390	1.539750528657694
73	447	4.333547954645815
73	499	5.700489465506889
74	119	1.2438818072520619
74	147	1.9970775257838975
74	150	1.6126257465577636
74	153	1.8632423336609765
74	199	1.451227450939104
74	251	2.3890606984621376
74	307	1.7005276977904913
74	469	2.338090624589521
75	113	1.375000355206224
75	133	2.191589513832864
75	164	2.067469567527162
75	174	2.055245952396873
75	193	1.6504922969424252
75	226	1.9155605573872512
75	340	1.298580069076561
75	374	1.7831216340240115
75	423	2.314278766595569
76	121	1.2319522415027695
76	216	2.292039149357959
76	245	1.936759328914008
76	259	1.4412830839108117
76	316	2.438280691130859
76	341	1.3241998898205873
76	401	2.109942879157567
76	412	1.6478728343665803
76	463	1.2044686982546404
76	475	1.6871699902656219
76	491	1.3715630667143501
76	499	2.222042343738127
77	120	1.7738396748573617
77	148	2.1953183869700155
77	253	1.2893971789435084
77	297	2.3300852386654807
77	414	1.6546891826996606
77	463	1.5977583161946947
78	99	2.1846702828952167
78	145	2.3484948749022516
78	238	2.45169163048881
78	289	2.2940964968557767
78	314	2.2218317483848544
78	322	1.442387063628155
78	338	2.247323791433463
78	369	1.5599904578239356
79	151	2.2808396386061736
79	176	1.693155761073344
79	189	1.5061073869677033
79	266	1.8631482772886006
79	273	2.1296009155462388
79	321	3.9308399414583937
79	332	3.5813589979389597
79	397	2.0109778083054763
79	433	2.1040468032581705
79	474	1.5046458625101482
80	115	2.3962305773320502
80	118	2.3577174348254344
80	215	2.280562270714583
80	227	1.5206310128769118
80	254	3.7056891545147757
80	265	2.476757804070967
80	377	2.612559256186101
80	424	2.0107672929602414
80	464	1.6046761414808344
80	493	1.972218935774134
81	99	2.400583106344264
81	106	2.4180983655682624
81	123	2.143646057081859
81	291	1.7727619672639576
81	304	1.8472879731606766
81	312	1.5804065982571163
81	341	1.81012049041292
81	367	1.4825144415366924
81	391	1.8570565312062888
81	448	1.938509076010444
81	499	1.6346565101043609
82	91	1.5736927542484875
82	110	1.6854516208315313
82	128	1.8098670577792202
82	151	1.676540861566603
82	170	2.153721794218177
82	260	2.0753749141209603
82	330	1.3391519697580296
82	384	2.090231268727199
82	395	1.4986618752957668
82	398	2.428847404934502
82	414	1.466218602688681
82	494	2.407488611721374
82	495	2.050314802206481
83	87	1.313010429753873
83	144	1.5565239966712472
83	153	1.963983516787315
83	226	3.050415701407675
83	298	2.3016063519492604
83	323	2.4315061892776972
83	338	1.4798301039947723
83	346	2.257755974270255
83	347	2.488996415417466
83	368	1.3095032900717558
83	374	1.3010561646805796
83	375	1.7246069361762166
83	419	2.4521535683956417
83	423	1.5178742730202766
83	457	1.2965231707852534
84	148	1.6284630744620112
84	155	1.8638319361813225
84	201	1.4390953191695073
84	287	1.6896804623708357
84	308	1.7555255918568553
84	309	1.6845710079092535
84	314	1.2929384579860643
84	347	1.224801054967182
84	434	2.3941908999311456
84	441	2.0212978940681694
84	487	5.043020618311794
85	124	1.5656671707075887
85	147	1.4346851505292222
85	178	2.1933423071909814
85	187	1.8266983472200031
85	199	2.3592275260785023
85	267	6.0838277614110945
85	286	2.1159345745694798
85	439	2.2237122701732903
85	460	2.009793364467828
86	190	2.0517529506342145
86	206	1.3775729803281658
86	252	2.0014907891808393
86	301	6.079098106223937
86	321	2.0880430893269715
86	422	2.434041142903623
86	449	2.493031564214072
86	470	2.1225349861425507
87	104	1.2896304783464743
87	153	1.6223769964837742
87	198	2.0867723054495126
87	202	1.4067808737916891
87	219	1.2779065070114894
87	271	2.367838220529371
87	272	2.0392979785330514
87	298	2.253439815181067
87	302	2.012517500101247
87	313	1.4985797270798258
87	335	1.9779184500414617
87	367	2.3098840447943756
87	388	2.4688125749856296
87	410	1.4141451492001131
87	419	2.3487858352413253
87	482	1.488388010526855
88	141	1.5719326716601798
88	148	2.4343984189188523
88	168	1.460839238182467
88	186	1.720693030646287
88	261	1.8464233397128438
88	309	1.6445119027046475
88	315	1.2812512991023248
88	347	2.3182953930375776
88	353	1.5676324640188162
88	365	2.1592883310518065
88	466	1.80069714759413
88	472	1.9536408613365306
89	135	2.3006188631686832
89	139	1.546585238185552
89	173	2.7103493618524728
89	212	1.2501841905321343
89	234	1.2457859439624386
89	258	2.3176648678905662
89	428	2.070152706786064
89	456	2.2885963855939178
89	458	1.4029128272068663
89	469	1.2008468395680454
89	493	2.04758938142687
90	197	2.0580212333540198
90	225	1.462867782063825
90	329	2.3522320627007476
90	440	2.439361339802856
90	447	2.2311522749264165
91	96	1.6310691521453604
91	146	1.9862807138313165
91	216	2.430419490230226
91	237	1.7631547218582373
91	239	1.8599531325133132
91	246	1.6453547621670837
91	255	1.758089078414415
91	285	1.875773914633291
91	429	1.889802423875766
91	464	1.4419655371985916
92	218	1.883012399677377
92	245	1.7164961802177672
92	260	2.3599423920480045
92	277	1.3965137886427073
92	447	2.2292032894551603
92	475	2.3269126195005754
93	103	2.0482987853017898
93	136	1.5103898124180113
93	190	2.231469543779644
93	230	2.41469178323419
93	234	1.9215860810068734
93	248	1.2131889974014862
93	258	2.1058004080820396
93	294	2.009314197146323
93	327	2.283632404904642
93	387	2.393270464881069
93	458	1.8981324499256873
93	488	2.0845840212683946
94	112	1.7146141191167719
94	116	2.013297914186512
94	119	1.3780012242785111
94	130	1.527003368719347
94	163	2.28966619882077
94	167	2.1128811333194353
94	312	2.2438134456752845
94	421	1.8688291163920558
94	431	2.1444968845620704
95	107	2.093223812067258
95	132	2.129589496081932
95	185	1.513586122799495
95	194	1.765010585015038
95	197	1.507987361636773
95	237	1.4419970520251324
95	300	1.8057523998458884
95	427	1.308836610253256
95	491	2.14038280636109
96	272	1.6489569737865333
96	285	1.6076698889199383
96	299	1.244084899572191
96	429	1.5087166649168038
97	125	1.8397058812837226
97	159	2.2398882386031405
97	205	2.259398026054005
97	216	2.400026120949363
97	237	1.3424287911989905
97	239	1.7692101714476762
97	262	2.36212286530402
97	285	1.4232140506930484
97	318	1.379396059218543
97	336	1.5156533877494782
97	337	1.9598289652486627
97	360	1.5984504298132383
97	382	2.2530290310400183
97	385	1.4719668277887519
97	482	1.7825530385857826
98	163	1.213284404121066
98	190	2.419036415159602
98	221	1.560859085469101
98	238	1.2345102670103634
98	295	1.8600674298969433
98	330	2.3637977986777257
98	421	1.746663554237406
99	149	1.5427025639027838
99	160	1.554551905315922
99	399	2.3421900166439187
99	416	1.78309395559468
99	497	2.4347776338266813
100	274	2.089580908227618
100	354	1.8063527941013398
100	365	2.054989647772978
100	485	1.4195443318563188
101	102	1.3566802656428725
101	110	1.3039981084437409
101	130	1.7920765459797745
101	166	1.3177514509761346
101	210	1.2970166843507496
101	217	1.3575281339433132
101	227	3.5632472496851824
101	277	1.7960341564016717
101	348	3.794770098943072
101	371	2.2469301655654386
101	498	1.7544099974197633
102	210	2.480195871608567
102	229	1.9121162312116349
102	342	1.5721707593396321
102	377	2.4047741031605527
102	402	2.455025475522269
102	468	1.6337840077571744
102	485	1.249745370866169
102	492	1.522297588610336
103	190	1.7820026713994284
103	378	2.0852968622577244
103	420	1.9958159498003627
104	112	1.4576122394442275
104	127	1.8211833013395833
104	137	1.411780099745646
104	181	1.9577214388815665
104	286	1.9177788515073444
104	307	2.210833860243535
104	397	2.2164792172939336
104	455	1.9329134477902843
104	460	2.1662925040285015
104	461	1.4194130857460343
105	133	1.4730591886095166
105	254	2.3645383481861635
105	263	2.4789374764589267
105	276	1.5111485140076693
105	298	2.324730097381117
105	381	1.8101216021656534
105	388	2.3636211559065132
105	403	2.138849487912669
105	423	2.2394905516467674
105	457	1.3477654953438374
105	489	1.9396240055695042
106	180	1.3321681750057832
106	240	2.244999013637872
106	322	2.2621707417468606
106	367	3.405151387876507
106	382	1.5127452486542399
106	416	2.434736929704516
106	439	2.351283143834479
106	463	1.5641507873179301
107	114	2.225044402385197
107	313	2.016283648685647
108	113	1.4425516310154611
108	164	2.1533355853556166
108	300	1.9095358020555202
108	335	1.9052972455532426
108	374	2.435858736241942
108	479	2.122107010575079
109	153	2.292366006641177
109	177	1.8100831643488187
109	295	1.9488453772865917
109	391	1.6017532102657717
109	403	2.0874961904448623
109	427	1.369869802963864
109	478	2.1313342064173906
110	154	1.357030540807852
110	182	1.2286044873620658
110	183	1.4395308329714853
110	210	1.2625511798412052
110	229	1.7592358985976932
110	232	2.0389428958953983
110	342	2.08243789999205
110	364	1.690026284045457
110	380	2.1083579593975585
110	468	2.174978695241168
110	492	1.2958006259547323
111	162	1.4586732048021298
111	196	1.7797418558272518
111	222	1.6320849331121816
111	275	1.4768617565449151
111	289	1.5329057269877535
111	432	2.281084668218925
111	496	2.252090470993461
111	497	1.5080867206679518
112	137	2.341539000421798
112	147	2.0643722054254803
112	150	1.3404837819312359
112	171	2.3364365907030114
112	307	2.0898890896650033
112	366	1.96054750722795
112	435	2.426932811894911
112	439	1.5823028551664384
112	455	2.0032034766867444
112	469	1.8633290476012765
112	476	1.6313731271974974
112	491	1.925877016330577
113	133	3.842979556881371
113	198	2.084872721701379
113	226	1.3759672506838099
113	281	1.5502311821996397
113	329	1.8677688326454027
113	368	1.450845643389758
113	369	1.356730258800672
113	374	4.186397071581565
113	405	2.375914466536244
113	489	1.2373858828248694
114	191	1.4340670041587038
114	237	1.251679201053502
114	311	2.3852627639573396
114	438	2.0566047877524536
114	463	1.526235293087494
115	219	2.085395957259426
115	230	1.9732345147098638
115	269	2.3731590211058755
115	350	2.8395332962672337
115	410	1.951866947081875
115	468	1.7648757032359392
115	485	1.4018187715605517
116	117	4.287325244740602
116	151	1.6621773168853058
116	224	2.373774377114411
116	284	2.2560654215687213
116	295	1.8532476910654625
116	331	1.6379760635014158
116	372	2.028471237597973
116	396	4.224491162576548
116	421	2.267124126204087
117	128	3.5361595246105972
117	130	1.7091975675214948
117	165	1.9890010644576925
117	295	2.3530977293742446
117	304	2.0325021472314324
117	312	1.6047878840519687
117	351	1.2514742408800217
118	124	2.064533245448227
118	133	1.325821110977763
118	138	2.2446186349898882
118	154	4.047259123759969
118	158	1.9659140531700976
118	204	2.046469830370881
118	230	1.886465675412406
118	296	1.6857309432064065
118	325	2.149761995352785
118	343	1.428234546344045
118	350	1.77585562234613
118	402	2.3430735816786443
118	459	2.481233575125432
118	491	1.867679064228994
119	177	1.803778138297207
119	256	2.191947389241495
119	273	4.427722742758807
119	328	1.3758303655256008
119	332	1.4830950720680622
119	337	2.3968017911512898
119	357	3.6407239775574367
119	422	1.91996154467632
119	470	1.2678943723248197
119	474	4.348332553551986
119	483	1.6698188490914925
120	180	1.6278887848781962
120	287	1.461716606865273
120	308	2.4170838029014297
120	324	1.6756111222323238
120	334	1.5872445813917158
120	345	2.4675352842200775
120	347	1.5438915877100694
120	426	1.9049050808917292
120	441	1.5529551268647968
121	376	2.1877963784024614
121	381	1.4100775397892311
122	125	2.3831234723353383
122	146	1.62809230668575
122	216	3.8835308152042813
122	239	2.2892268392616035
122	285	2.4855833620979766
122	299	1.908628418853106
122	352	1.9431817148950992
122	452	3.44026430057743
122	453	1.8135607683733266
123	160	2.113380709984492
123	162	1.9841750709779529
123	289	1.6818760379526818
123	291	1.9008513664126618
123	320	1.98787355553803
123	367	1.3892302778227252
123	371	2.3422909027081484
123	377	2.11440446174299
123	382	1.457696912749367
123	389	4.123318567817161
123	432	2.354775684374708
124	132	1.6215004544453224
124	175	1.960372736297709
124	185	1.8881698491040284
124	319	2.1904477150718615
124	333	2.29464879388388
124	447	1.3122738149796953
124	451	1.5889418613341062
125	135	2.459849451361526
125	149	2.0214307807590632
125	239	2.4727912012873503
125	243	1.5379025881778594
125	337	2.3302330222296597
125	342	2.445318894863175
125	393	1.7532724467415672
125	449	2.1083070219420934
126	160	1.5141079051422932
126	169	2.2380100954417754
126	190	2.207683402741479
126	212	4.4483263789304175
126	420	1.8888550367212136
126	493	2.1719343335017474
127	250	1.5482562987639665
127	257	1.355492940487562
127	372	1.8750968949419509
128	144	1.4870201243345373
128	151	1.7390061592394983
128	163	1.9463080288847547
128	170	1.4603435486856085
128	221	1.4194434884605927
128	331	2.432623719145746
128	392	1.3937894122269376
128	415	1.438930783167726
128	429	2.206152340751009
129	180	1.2641003427067417
129	211	1.8645602355638062
129	389	2.385518301130138
129	410	2.283111703622711
129	418	1.7150626252694603
129	423	2.162734463329952
129	497	2.421287279206165
130	151	2.033901245833383
130	221	1.5552255377113449
130	258	1.8195677861407438
130	279	2.1847455425747855
130	334	1.9241024434085539
130	359	2.3912502477110014
130	395	2.2445680296259405
131	141	2.0548188884424317
131	228	2.399215010598986
131	342	2.4203802779970935
131	397	1.2310706033578827
131	415	2.4111163984017563
131	452	1.583406869764361
132	152	1.7777652813271063
132	438	1.3980195424682396
133	193	1.994773219793821
133	202	1.5435693884063224
133	222	1.5634998112695815
133	270	1.6749195788011988
133	368	1.8857674864392266
133	419	2.0051407272166313
133	479	2.4475742527767803
134	137	2.044496960359496
134	150	1.8421115479440546
134	199	1.9162253522938055
134	268	1.8685012511709171
134	281	1.2238662643730718
134	286	3.452035094768971
134	290	1.4100981932880419
134	397	1.2956177460352707
134	461	2.0690489965362415
134	472	1.9135487677366698
134	484	1.7912705565008111
135	199	2.3870405559105983
135	216	1.9904317059321455
135	285	1.5564686626943864
135	290	1.2134627190094103
135	317	1.8230535411244992
135	377	1.442846010134474
135	385	1.2250945826958275
135	406	1.9884132894343534
135	467	1.6685253398608748
136	146	2.253276253663272
136	169	2.113073785707309
136	173	2.165783410239932
136	378	1.335319834868912
136	465	3.3698143020749107
136	494	2.2526878693879113
137	161	1.8472113424815588
137	244	1.3196308903025675
137	268	1.8127732762670121
137	349	2.329152729399069
137	425	1.5697955098107292
137	476	1.6587745108785568
137	486	2.1506674897835634
137	497	3.4386216178737383
138	158	4.3690439902149345
138	164	1.483514732534788
138	210	1.928652839593973
138	230	2.2691698878104085
138	232	1.9949153790526717
138	343	1.7877946729046503
138	478	2.4864042181262134
139	169	4.275267645218349
139	212	1.9477664724531394
139	232	1.5546656689049294
139	241	1.5059146746256522
139	294	1.9320588427152725
139	348	1.2845235287252024
140	282	2.283488653089244
140	283	1.4967555318908676
140	306	2.4842177519765025
140	337	2.3315971708734775
140	482	1.6210946489843079
141	179	1.6820143893885953
141	218	1.4584688685712544
141	228	2.182316240070202
141	244	1.3128234744919465
141	425	1.4661179141031413
142	179	3.6019474304584076
142	228	2.4790469560737716
142	397	1.2298569691785712
142	425	1.3146190690386101
142	439	2.305544463170998
142	469	3.6389827544063547
143	169	1.3832591828646565
143	210	1.3266233888216752
143	296	2.204404731526709
143	364	1.9316531670447978
143	377	1.680932779052857
143	468	1.4063947417016847
143	485	2.4288021833048177
144	190	1.4836032033348603
144	193	2.1871261926701213
144	264	1.5738044561398477
144	271	1.5741086770094848
144	381	1.6934008506853908
144	427	2.29928213101925
144	444	2.052028055887522
145	291	1.689700363883743
145	389	1.8799723433692312
145	399	1.5864168141720716
145	444	2.4153481213796377
145	473	2.094643557196565
146	205	1.3946079968220588
146	237	2.4299599405253702
146	272	1.7429457955473553
146	407	2.2660624660093176
146	482	1.202195138094191
147	244	1.621403709599564
147	251	2.4294758338351468
147	307	2.2174858280496625
147	325	1.412997678105447
147	425	2.3929654339216357
147	435	1.5453400520534408
147	460	3.446402308233719
147	461	1.3551270441085466
147	481	1.3022954542763217
148	220	3.124488142116041
148	229	1.6504018002248748
148	238	2.380936696487782
148	243	1.8440032503547066
148	250	1.6993754899184292
148	413	1.8375649424517748
148	414	2.2685009963048586
148	454	2.353437366878505
148	483	1.4555149776644767
148	487	3.6634638177597814
149	219	1.6672703287041857
149	228	1.2402514382886862
149	288	1.7854916499167524
149	382	2.483745095814829
149	399	2.3742042892512645
149	461	1.2086356943232266
149	496	1.7929032716138342
150	179	1.8726212196213101
150	257	2.3412980150519207
150	286	5.778159276646809
150	397	1.6340536157662306
150	425	1.6310425570967553
150	481	2.102138258955052
151	163	1.6837898505958788
151	167	1.9036629034902677
151	224	1.613631733728229
151	292	1.9259049196485296
151	342	1.5350047544231145
151	396	4.237888302819864
151	400	1.994787826159588
151	428	1.5030688192637993
151	431	2.3092406537906642
151	467	2.4258546563750354
152	254	1.5746896462554565
152	298	1.571101203402805
152	311	1.3322195331472189
152	333	1.3303789483489854
152	438	1.5098587041700369
152	475	1.4954041419745407
152	477	1.7723841146526746
152	479	1.403308321415189
152	491	1.5676855289367064
153	164	1.2207150528096653
153	281	1.4141620955179501
153	366	1.3993439821513811
153	381	2.3215163792197204
153	423	2.4690689986443997
153	427	3.7736195210815913
153	429	1.3118875164744186
154	178	1.6207625636784084
154	210	1.511840886456965
154	227	1.606030910797752
154	239	2.4824676227359337
154	269	4.050307206830792
154	296	2.2913847313377698
154	343	1.2391080753983874
154	437	1.3862755581264348
154	459	1.691969740946775
155	261	2.0601971038244473
155	278	1.8583764445876032
155	462	2.4678947784754923
155	491	1.231806130530316
156	203	1.2160757049151114
156	209	1.725127113310783
156	335	2.0217086061057765
156	339	2.320563308773491
156	357	2.4153572039299576
156	370	1.2330938292558853
156	373	2.4174446193937538
156	375	1.7673400909248396
156	385	1.8736545905441564
156	467	1.421363492592742
156	482	1.2741172885098715
157	172	1.310368748334023
157	201	1.690576659083676
157	213	3.0648049455188633
157	218	1.905397335345922
157	308	2.285311922405314
157	315	2.122600373146752
157	345	2.449435420119369
157	347	1.515169048937663
157	434	1.2446153343331732
158	183	1.2209276045592847
158	227	1.8838654439032851
158	229	1.6676615181545769
158	232	2.130166285454435
158	234	1.3550153329165613
158	277	1.553610340597893
158	350	1.4967681047233081
158	364	1.61229108026295
158	424	1.5899542036774283
158	437	1.8502728281988556
158	464	2.1924431769480393
159	160	1.9092295352208661
159	162	1.6632153421061824
159	320	4.655904084134394
159	388	2.1090412466308663
159	399	2.2289381505278523
159	410	1.5298675868787988
159	448	1.3418872525247023
160	165	1.2448295611445481
160	191	1.7640223781292925
160	231	1.7400217921804169
160	288	1.5876182962924128
160	296	2.3684048547789027
160	323	1.3172472749689403
160	373	1.8816587972112053
160	387	1.4848354045977143
160	410	2.2324866849916036
160	444	2.482581384039043
160	473	1.8233861400656366
161	176	1.6705178192028127
161	190	1.317476349066402
161	208	1.6597370886197522
161	474	1.5957982131277582
162	180	1.4035911888345358
162	197	2.284952483556178
162	341	1.7425403779009039
162	408	2.4421203844659565
162	410	1.6251209292747821
162	416	2.3786983920462497
162	420	1.9574412684067308
163	244	1.2857373477870009
163	247	1.4496237126404137
163	284	1.9923215557321572
163	292	1.2786426253876608
163	359	2.1201876179937984
163	400	2.370631946408541
163	421	1.2339245278376245
164	198	2.3820144310204734
164	202	1.416738174437471
164	221	2.019097414940539
164	230	1.7609449473200742
164	300	4.476031759570521
164	329	1.5037897887825784
164	368	1.3020714471570287
164	408	1.8834339967554654
164	419	1.3759631744594931
164	427	3.899774949928548
164	474	1.7863905511535751
164	479	4.0672812729412
165	289	1.5012292452435632
165	367	1.842675429213278
165	369	1.4794118394394724
165	387	1.4569163385135457
165	391	1.2524434558792121
165	416	1.6364916037190884
166	183	3.747252402542931
166	204	1.2736287853527983
166	212	2.2552436182276105
166	229	1.8443834922857159
166	328	1.9569205842171806
166	342	2.135377594419749
166	459	1.6108199405105492
166	464	1.3043824975775726
166	468	2.0501825964806706
166	478	1.8401608421574767
167	260	2.067326521974877
167	292	2.73992948167011
167	295	1.4648425023265943
167	304	1.8735296891672286
167	312	1.2224272654290689
167	330	3.4170009975090494
167	331	3.2323831028718475
167	407	2.4479045388246505
167	408	1.4225963492726963
167	431	1.5352415069034604
167	495	1.3378069768654854
168	243	1.2697339808258588
168	297	2.398969827064459
168	348	1.8916251077783364
168	426	3.671998926081626
168	434	1.237846022527656
168	487	1.2878445921891577
169	212	2.2085859934524317
169	227	1.700982799899112
169	234	1.8096418261304859
169	420	1.4629662757409667
169	456	1.5613153180654018
169	494	2.4709426766876432
170	292	1.2752481989456237
170	304	3.521963933023506
170	351	2.1691618323842157
170	384	1.725370552856229
170	395	1.5932185218178492
170	421	2.3045939837063223
170	431	2.465044108186515
170	495	2.369290068773178
171	179	2.2183872383612147
171	183	2.211586693632799
171	187	1.539351798406993
171	234	2.4345037945954076
171	249	2.31338783536523
171	455	2.0581036018139547
171	456	1.2072091932145117
171	460	2.8245443899631986
172	243	1.5211070825750617
172	297	2.3928461572049713
172	309	1.3649215495097708
172	354	1.7543240022905684
172	434	1.3432011149589687
172	468	1.5341766940347696
173	190	1.4377742213723401
173	199	2.145015023997248
173	212	2.368226747077421
173	258	2.1011313028779988
173	392	1.4592665380518115
173	456	4.127544607674903
174	175	4.191067373827243
174	245	3.9631636380127193
174	259	1.3457524854191592
174	316	1.8811531173771916
174	356	2.122044224053875
174	376	4.345955978829817
174	383	2.1406848753126066
174	440	1.3598476124744576
174	447	1.904819741905178
175	194	1.39294736107294
175	233	1.911866410111413
175	310	2.165843694343918
175	383	2.2516026504694646
175	401	1.483243612228162
175	435	1.6090861076640985
175	482	2.3001642588947844
175	491	2.2338234964385038
176	266	2.2120294318145497
176	317	2.05582651136727
176	361	3.7507365204966625
176	382	1.541511792458389
176	402	1.5450483963962416
176	433	3.565079849883789
177	189	2.2219081541993733
177	191	1.5051681880004166
177	208	1.926406539028805
177	252	2.298629028583887
177	273	1.8462084889726502
177	332	2.2546640014591066
177	355	1.5645854213126866
177	376	2.1666844680270767
177	436	1.3690161622036874
177	470	1.7393877353252982
178	228	1.8105165101840308
178	268	2.300391040352345
178	307	1.9933312856764962
178	397	1.7522940878613622
178	425	2.417701828447974
178	433	1.6745640781053766
178	455	1.5919709450518793
178	476	2.07597573009438
179	188	2.4554632294558423
179	228	2.288283781231952
179	244	1.8180708231658962
179	290	1.9862965567621687
179	307	1.8906886435876364
179	397	1.4462901025596497
179	442	1.9540466761560822
179	489	1.2531928878026641
180	196	1.8949684255087815
180	275	2.3318443992411106
180	387	1.9384916496946012
180	396	2.0783739005600284
180	418	1.2034715491720345
180	448	2.371766761859089
180	497	1.8585708864334665
181	182	1.3962195538517779
181	226	1.4216379320101327
181	269	2.3268028434522012
181	296	2.135395760512642
181	325	1.6429781708989208
181	348	2.115065154769028
181	350	2.495017916001763
181	437	1.4766503155219706
181	471	1.7905210082257614
182	254	2.4499457941840617
182	343	4.327746064483563
182	348	2.4043382911630324
182	437	2.26481624290682
183	219	1.266126240869
183	254	1.3965212248231145
183	269	1.5973538941550265
183	277	1.6132722788265899
183	322	2.039677574574002
183	324	2.313762852314433
183	325	2.8221914985500334
183	364	2.092936216587984
183	377	2.114885671576233
183	380	2.48102412322173
183	421	2.3669922411976057
184	212	2.4031138386260467
184	241	1.5775680321678416
184	327	1.2458018431461784
184	378	3.715458703528996
184	460	1.9287812683858805
184	462	2.3385188292039114
185	194	1.7962320728657812
185	233	1.6396435653122103
185	311	1.2434561413211054
185	373	1.958830844001692
185	376	1.4838512272080053
185	383	1.203232170612452
185	412	1.726123855501433
185	433	2.016422391988983
185	447	1.8888116092918938
185	458	1.6168469707096769
185	463	1.7800121905310449
185	475	2.44613627133978
185	477	1.4550900981032928
185	481	1.5794595618828877
186	203	1.9170939618278433
186	353	1.5078708810452859
186	354	1.7671194489376376
186	362	1.2690035984777044
186	426	2.0869430434059706
187	188	3.9697047601057385
187	246	1.947876762747147
187	251	1.613404296756874
187	267	5.547885076153088
187	268	1.299822414487525
187	286	2.0878944571338467
187	290	1.3461421838783791
187	307	2.069686359065338
187	425	2.357503882181872
187	460	1.8915403415386343
188	244	1.7372511653934761
188	460	1.3325555469331318
188	461	1.9340525488245977
188	470	1.3177938142217422
189	256	3.7224988467041493
189	273	2.4088891196076436
189	357	2.4926422387427705
189	361	2.1105418426549294
189	484	1.883009931261837
190	234	2.219648967912236
190	248	1.841717179583294
190	258	1.3048686891333197
190	272	1.837216310555565
190	392	2.420553218223813
190	456	1.9168679904329138
190	490	1.5209758113844485
191	252	2.2201025248226407
191	253	1.7274807139395787
191	256	1.8961499012625724
191	273	1.8541065454790076
191	326	1.3246436881854975
191	409	2.47832117896973
191	436	1.837509198389885
191	449	2.093498114546372
192	245	1.3778248563775752
192	316	3.4752950024149682
192	319	3.6898215550397526
192	391	2.208405823624112
192	401	2.435846764798908
192	404	2.3775033912965213
192	430	2.373833771508521
192	442	1.5457132281415829
192	443	1.6270832299666664
193	198	1.5878170531967228
193	200	1.2017744846655238
193	223	2.3528335265616134
193	264	3.7648475701561797
193	281	1.5828404193057546
193	300	2.472061127169092
193	336	1.8093989527533205
193	419	1.3090384063808136
193	478	2.3458879329389553
194	231	2.2271081098425114
194	245	1.5197218244472759
194	258	2.155330306512746
194	328	1.6879071765687654
194	412	1.2399042871094188
194	440	1.7377430435814023
195	248	1.55978045433049
195	258	1.8004558276529616
195	357	1.5742116250424754
195	420	3.562355322352077
195	456	1.5218758559382604
196	338	1.7734214642288975
196	341	1.798843259771574
196	371	1.5862061563318957
196	399	1.453155410478397
196	408	2.2123556367392023
196	416	1.4283744805105436
196	448	4.158737442017544
196	483	2.0042128146945073
197	222	2.257090618086614
197	236	2.461003828479084
197	245	2.2139853692690874
197	291	1.875561507339414
197	356	1.5365517115308511
197	390	1.286820368027535
197	404	2.4560264384431028
197	438	3.5175538286617547
197	447	1.6083311508157985
197	491	1.7235205075226117
197	499	1.418498042702089
198	298	1.665637722328571
198	329	1.9051834540446642
198	400	2.2215746123900417
198	403	1.3148429879558976
198	457	3.5300054519198403
199	251	1.7959474316937278
199	267	1.3932176248090218
199	268	2.0785281291081903
199	461	2.1730998565063064
199	481	3.6147780658190007
200	210	1.2707947614337955
200	264	1.353946974215946
200	300	1.2773631087597073
200	315	1.2155481473081253
200	366	2.4336687274688575
200	423	2.2522098434812987
200	427	1.7971505858893093
200	479	1.7675162445832833
201	236	1.9978661179275865
201	252	1.2122209519395062
201	309	1.2586842446465656
201	317	1.3973876861788683
201	334	1.2431701995855922
201	345	2.4661262690091243
201	466	1.5874243971390263
202	286	2.0113106228910245
202	335	1.7371568073991046
202	336	1.5943705268266584
202	366	1.6999002990889598
202	381	1.8812516784684532
202	457	1.202652491045832
203	239	1.6346481880032513
203	246	2.0471571963245214
203	256	1.6915207678308946
203	262	2.350004979227908
203	272	1.5614871260406673
203	302	1.5629821761965428
203	322	2.0362211317683583
203	370	1.7988872416650865
203	375	2.0698174127623674
203	379	4.040626256613654
203	417	2.498241168354403
204	210	2.0732770165242247
204	237	2.0691531044794282
204	254	1.840971605602853
204	364	1.5320583072696288
204	380	1.6777743769849105
204	400	2.233201237836009
204	402	4.126603113576839
204	443	2.1292554207640277
204	459	1.5555781106286286
204	473	2.3430099635186146
205	249	1.7598921815187412
205	282	4.295606862276545
205	283	1.4854841648161665
205	337	3.5667612812959373
205	339	2.4987109170953943
205	360	3.3640873324756813
205	370	1.5769610853372744
206	238	2.1529502571573107
206	252	2.080862577498527
206	317	2.379361635964872
206	332	2.384358907451836
206	340	2.2566618899581714
206	346	3.5736652188781526
206	361	1.320912516780573
206	363	2.1412656309062204
206	436	1.3175670309936809
206	449	3.256201736202894
206	492	1.988931095923105
207	231	1.6020398188285219
207	320	1.3207644959608253
207	341	1.4493440493824985
207	369	2.20789802638469
207	389	1.79710586223205
207	399	1.714893577693724
207	408	2.2148877445678896
207	411	2.2369307202870714
207	482	1.9477482928763383
207	496	1.2268895195742662
208	214	1.5767072616203812
208	304	2.4039051925653308
208	310	1.8770736402950057
208	326	1.664261408910133
208	328	1.5689144323886715
208	355	1.9831730159443723
208	470	1.8260922196461702
209	255	1.791242158630827
209	262	2.472715808792863
209	266	1.8161949850032395
209	283	1.753799156083621
209	336	5.374829096891199
209	339	1.9947575585511141
209	373	1.8749789418136515
209	375	2.4055482464930034
209	417	1.650935344486941
209	452	1.9665545599336092
209	467	2.3496385434280063
210	230	1.8723631175332454
210	280	1.9598656335897002
210	377	2.3192383415208213
210	459	2.236819616960382
210	464	1.238676938733089
210	485	1.9421506403235616
211	289	1.412407192134419
211	314	2.2998574923497728
211	367	1.873487483444931
211	408	2.18566266313419
211	411	1.4031989037992383
211	432	1.435372099831126
211	444	2.116372450984512
212	392	3.492413869721842
212	476	1.7940959045367484
212	488	1.7011999223167322
212	490	3.6739124914957153
212	494	2.26723663950103
213	322	1.3628723630438975
213	413	3.1261321236473756
213	426	1.5165939072186154
213	454	2.099677674030538
213	487	2.0203212074716657
214	280	2.376392259902311
214	293	1.8563970197372428
214	310	2.307672652823547
214	340	2.3439015427831515
214	409	2.0353710026827008
214	433	2.338775928850093
214	449	2.1592109142494853
214	491	1.961273019084071
215	269	2.295202582986514
215	277	1.399864165293662
215	324	2.111123213278528
215	390	1.6618081325208354
215	407	2.1283883996783817
215	471	1.3753916339913692
216	373	1.9953883159836656
216	379	2.290919576425348
216	452	1.959312872942022
217	222	1.3649079980230698
217	245	2.375016548936624
217	296	1.3788872889485795
217	348	1.9005760516587205
218	287	1.2727107623552216
218	297	1.4829570536796406
218	352	1.6665236806075843
218	472	1.68344345001439
219	229	2.421356933694687
219	343	1.9727291954053094
219	464	2.3379330127114164
220	235	1.4472881643676399
220	243	1.2683626972646185
220	261	1.2368691009530142
220	308	1.7717972036451153
220	353	2.3131576199562227
220	365	1.9285830453680393
220	414	3.075079397032919
220	441	1.6695487310608519
220	484	1.8698172820456682
220	487	1.4004822837125812
221	224	1.9438835562062984
221	265	1.792447290495649
221	295	1.533115868526004
221	304	2.066019459288803
221	318	1.7625099844702705
221	351	2.452615757108954
221	358	2.425209423666048
221	446	2.0135346451542966
222	226	1.6227443154485652
222	270	1.7218069114229768
222	335	1.660400311859331
222	396	1.3316873885583964
222	457	3.711423834512421
223	253	1.7384596609364797
223	256	2.437056361491183
223	310	2.1884001386205973
223	326	3.4589669119394015
223	327	1.5894637654150343
223	361	1.5259006598204137
223	362	1.9945270437595606
223	405	1.3793725857292252
223	409	2.498174269451569
223	422	2.3393713455007434
223	480	1.337353704399921
224	242	2.179242463617207
224	292	1.6489953808673463
224	358	1.7340109869489257
224	359	1.6042516769263404
224	363	2.021340385624435
224	415	1.2484881649945645
224	481	2.204801764081611
225	347	1.3312295243121042
225	351	2.287665792660113
225	387	1.8421392593013068
225	463	2.1649610735256086
225	469	1.2113915050588986
225	475	1.9586292959781648
226	271	4.168739191234417
226	300	1.423943949827868
226	366	1.5559086581105406
226	457	2.0068197598399737
227	339	1.4792466454401199
227	341	1.5413098733638537
227	342	1.2800761890145615
227	348	2.498168779114113
227	350	1.2757436035202518
227	479	1.5341408183299883
228	244	1.979741583247982
228	257	2.4944461260095814
228	276	1.9183543683248456
228	286	1.384515381773514
228	397	2.1352111241075624
228	402	1.4185471317881682
228	476	2.2996433284982603
228	484	1.2805640595759336
229	254	2.4857559965768594
229	265	1.9914347423411496
229	296	2.335309625070245
229	437	2.3497060349812786
229	465	2.3220173346396353
229	476	2.1953387817288545
230	265	1.8073196930537285
230	325	1.9123757171375853
230	429	1.6015980401782928
230	459	2.28756352512508
231	314	1.3303120439956864
231	322	1.6173369702698026
231	367	2.2420686717797063
231	391	1.8520260124650965
231	496	2.1835465781208794
232	280	1.839531854760246
232	342	3.8448945620267274
233	311	2.3226161862718913
233	316	1.82219752001251
233	376	2.1883779080851333
233	383	2.0926483389833606
233	401	1.5836523216097798
233	430	2.3293704172380982
233	435	2.3946205503062723
233	438	1.3759772967624426
233	440	2.560000531563767
233	463	1.4945950713063565
233	475	1.9658561296718702
234	241	1.6200040105375886
234	248	1.224297795560115
234	327	3.5838213739554705
234	395	1.5506168803525067
234	458	3.7049845058346067
235	278	1.9418188222429842
235	309	1.2373240822062703
235	426	2.196396699769311
235	462	1.8569631908201394
236	245	2.012040948777001
236	333	1.7217662170902264
236	404	2.155376829157951
236	447	1.7020802032986682
237	299	1.2912173463551995
237	305	2.320732759231453
237	306	1.5038027146631538
237	375	3.3287559336351205
237	406	2.139889038948527
237	417	1.384122653822827
238	250	1.2253001485992079
238	334	2.1122405964137556
238	426	1.2520460860281502
239	262	1.831063254641903
239	285	1.5797960484418287
239	313	1.2715190717671716
239	406	1.9984360673677948
239	417	2.278092986380537
239	482	1.9077474236525638
240	257	1.8244385567319992
240	275	1.70393390376748
240	322	4.836958320104997
240	371	4.583837568043723
240	391	1.6278124290881002
240	418	1.5019945960640717
240	448	2.308565785982255
241	248	1.926378425866994
241	432	1.4445411664434047
241	462	2.052075103291568
242	263	1.4961791890949678
242	304	1.2408219648426841
242	349	2.4677763628298264
242	372	1.6950678179065295
242	376	2.1548364546969774
242	395	4.39531052826848
243	287	1.8200950314431037
243	309	1.5842875599875832
243	466	1.2850562862720971
243	487	1.3893402285823713
244	286	2.3833170536606216
244	425	3.3136010844644366
244	486	2.353541669029974
245	259	1.6599405732004209
245	272	2.2883091540342613
245	356	2.4128470745704056
245	401	2.2782528328237954
245	438	1.946378118870924
245	475	3.7368244341188337
245	491	2.1719706226005284
245	499	2.3695541589480165
246	266	1.6272761111578937
246	283	2.141135927990678
246	285	2.1844564826167394
246	299	1.5919296725914596
246	305	1.3919391129813325
246	336	2.141848134513719
246	393	1.6160782452985156
246	406	1.2712578451273653
247	279	1.7444647164974028
247	330	1.7649905589836241
247	331	1.3112639606184016
247	351	2.1976212716370487
247	359	1.8910789124553993
247	372	1.407262844792871
247	428	3.510845802389775
247	447	2.2981860931470157
247	495	2.405388441410445
248	249	2.315224564785844
248	289	1.3637872675402574
248	371	2.2381056721616375
249	389	1.409369212313141
249	494	2.074553311405465
250	278	2.45052762932683
250	315	1.297898157915159
250	334	2.08753418761685
250	354	3.107484091397809
250	434	3.755469335496384
251	337	2.4503484600349705
251	390	1.8929296363923984
251	425	1.2292337007752627
251	456	2.259547027445553
251	486	2.3425684332745793
252	266	3.0360227198187753
252	355	2.4519100342541
252	361	2.2194008004282395
252	445	2.114395623261098
252	449	2.300519871681649
252	455	1.497348274838285
252	474	1.9286853203619838
253	273	1.2478601753746488
253	332	1.3591565230313123
253	433	1.7262679197625017
253	445	1.786636974822168
253	474	1.2495725034006158
253	493	2.455541837740877
254	402	2.24101405784904
254	424	1.457762186288615
254	448	1.9226577946463554
255	285	2.4486547708296635
255	297	1.3094455304655477
255	336	2.046526245399925
255	406	1.736473801998913
255	429	1.8397186133418924
256	266	1.2745569170787445
256	301	2.2161466190516315
256	303	1.237483291012983
256	310	1.5330710625293282
256	328	2.4791760001447383
256	346	1.5886938180958596
256	405	4.4529800474657595
256	436	1.4156788441441406
256	467	1.549615353137043
256	470	1.5328139985844733
257	268	2.3732782736254183
257	290	2.2315891414007667
257	481	1.6652839575985061
258	378	1.9852508468299839
258	394	2.185018670193914
258	456	2.379043665943675
258	493	2.1440763051208185
259	271	2.3301728769014454
259	311	2.0332413450932854
259	440	1.2237637779668729
259	463	2.3119041806299165
260	295	1.4750783888754355
260	372	1.4221110980364584
260	396	2.050537426677124
261	320	1.3711066126627294
261	345	2.1726015986547065
262	299	2.0510118698497384
262	318	2.1065832003764364
262	360	1.4452477165311648
262	385	1.9300524636996617
262	406	1.2773160979956657
262	452	1.4018752153833187
262	467	1.7048349049544793
262	469	1.2309232052559702
263	272	2.153511277771953
263	350	1.669768217455709
263	479	1.4929434847748695
263	492	1.6488071014886587
264	270	1.3061102143563588
264	276	2.490054220314878
264	329	1.7295358642122447
264	364	2.4311575196080533
264	417	2.4072702869646454
264	419	1.5991034234458654
265	324	1.9495663692538154
265	364	2.1871927509800764
265	402	1.6316618206082476
265	437	6.561545142574955
265	468	1.9902606113816623
265	492	1.4936719401707794
266	310	1.7516916509180507
266	357	1.6962062026103453
266	409	2.4061060342426606
266	436	1.7096033425160329
266	480	2.425902347837873
266	490	1.2319332717823412
267	331	2.017066345483667
267	455	2.4167033749661004
267	469	1.3566533100634401
267	476	2.1579299134633105
267	484	1.4899329215896635
267	491	2.3584915932008363
268	314	2.4122879093657406
268	393	2.349301836065746
268	461	1.8979199236120101
268	469	2.0556835119541033
268	486	2.2480263490764285
269	324	1.3195713190013911
269	325	2.218827836341043
269	468	2.0979365974630677
269	471	1.796396696821513
269	485	1.2009352095717007
270	378	1.825889197582454
270	489	2.218680604925681
271	427	1.9865126080338835
271	457	1.8829603254578458
272	276	1.3342437817141715
272	282	2.2587988212247483
272	285	2.489650797422393
272	299	1.3979287864722498
272	318	1.6780750055363685
272	320	2.0406354027135967
272	336	1.9181980165827919
272	360	2.0524995976850366
272	370	1.6591617125064766
272	393	2.410502648318195
272	397	1.2320367013306666
272	401	1.526880328331755
272	452	2.193684803085157
272	458	2.4821912358222247
272	482	1.7034437591624156
273	328	1.8116787406653811
273	355	1.9160791690126264
273	361	2.43528613959566
273	405	1.7449544755810988
273	472	2.4873326996551146
273	474	2.076201358419401
274	315	3.591319138164678
274	345	1.7120609902779744
274	352	1.6350931708702423
274	426	2.468904306043558
274	454	1.8546394522529366
274	472	3.6032243082803426
275	338	2.272082813603004
275	369	3.814830971594062
275	382	3.83945139640047
275	387	2.110465933786917
275	390	2.4526993355349047
275	410	2.3374943587125534
275	418	2.1514497845245755
275	496	1.4236343177324373
276	281	1.6675772978904644
276	334	1.8637305204289514
276	349	2.199526844323675
276	381	1.581826639411791
276	427	2.399365614998566
276	489	2.2657259044290825
276	494	1.5439100461893107
277	324	1.3794990326390741
277	380	1.5005575196988035
277	424	2.3328695681538543
277	437	1.801124056232156
277	477	1.6864143425515385
277	481	2.0285167281973204
278	297	1.7745937346267266
278	345	1.5448527554101337
278	413	1.9801523161772514
278	434	1.9900978359830523
278	451	2.229282720211831
278	466	1.4815076492006458
278	472	1.3123829101327227
279	290	2.2429512921743155
279	304	1.4949252447168873
279	331	1.20921589441043
279	358	2.3655296552849103
279	398	1.3547783636382236
279	415	1.3364686278765545
280	342	1.4524863602630336
280	343	2.197063738298012
280	350	2.31482054499579
280	377	2.1801966388173644
280	492	2.4200507969777463
281	298	1.6217174683497513
281	300	1.6517489598842674
281	374	3.7435009545476072
281	403	4.058318738438266
281	478	2.122944222172756
282	336	1.8953926185320278
282	360	2.038633961374947
282	452	1.7297379460021507
282	482	2.484897115008459
283	295	1.6266124743832655
283	299	4.427268380073936
283	317	1.9282530684313788
283	335	1.8586709894167535
283	354	1.7373595146676255
283	357	2.13856887968432
283	370	1.2366095345649906
283	385	2.4426441155379317
283	430	1.7253800872230167
283	467	4.874516650244901
284	304	4.147692495643611
284	312	1.624286620750997
284	396	1.312221210297742
284	400	2.308128037143921
284	403	2.2295899331381417
284	495	1.409341100867024
285	299	2.279935512135014
285	337	1.4995470984048613
285	360	2.3219750176960074
285	373	1.2601633701311907
285	393	1.7475545332096951
286	350	1.4946946582759257
286	451	2.204473696955354
286	476	1.238997153546966
286	481	1.5238525069987483
287	345	1.367667434412481
287	414	2.1809872940488817
287	487	2.271716477658555
288	309	2.304931613747605
288	320	2.2882808520554643
288	322	3.897694509151937
288	382	1.2621248716916258
288	383	1.407214954902019
288	393	1.8945264734759006
288	411	2.4065698157529116
288	473	1.3665195762924771
288	497	1.9307965271674332
289	359	1.8743747291237933
289	366	1.6292255014504056
289	367	2.4362015896126383
289	382	1.7492617128013797
289	468	1.6278544841864389
289	473	1.9042138101610642
290	455	3.9324066715543307
290	460	1.603841798317263
291	322	2.118546960043477
291	338	1.7590266810879167
291	387	1.9968776994096098
291	391	1.7018152140821452
291	416	2.460442210495854
291	432	1.3708900696238793
292	304	2.4550719721597485
292	344	1.8052427580043986
292	351	1.7316853116591906
292	359	1.610020756624214
292	372	1.3534759929081734
292	377	2.2708734567722013
292	386	2.4202865903707345
292	495	1.2101874021120604
293	326	3.883741504565717
293	405	1.2880712855358454
294	327	2.4828868392366292
294	378	3.40655973188186
294	420	1.3970223844585603
294	465	1.9762309230346085
295	358	1.4751204992323301
295	400	1.6758309892110934
295	428	4.346929187592151
296	324	1.3699037342453722
296	350	1.528745012208881
296	492	1.4493526000653578
297	309	1.424277052439665
297	334	1.9279204273287633
297	354	2.2844505675066324
297	365	1.4458408049978302
297	434	2.4213646115758323
297	441	1.5701169940421813
297	443	1.8786909107593377
298	329	1.2512138996470197
298	374	1.7695526764624097
298	381	3.955519769464843
298	403	2.3945468283687705
299	302	1.7770867583060537
299	305	1.224035389656196
299	360	1.5924849367075753
299	373	1.582659658691278
299	375	2.0608373642665274
299	406	1.8534321591585028
300	387	1.9841942344817163
300	418	1.9944723384147447
300	479	2.068590358556167
301	328	3.6672424589877357
301	346	1.7978025782769498
301	361	2.487696780500108
302	305	1.2629834312421409
302	318	1.8507807295049494
302	393	2.3564110715475692
302	411	1.7464588106645056
302	429	2.478801790389441
302	484	2.368607419161351
302	488	1.357178989470844
303	328	1.9655996262157578
303	363	1.3598265107566876
303	436	2.4272744467358383
303	443	1.588851266831504
304	348	1.3761202429252941
304	351	2.3157856673355672
304	384	3.8363506725998184
304	387	1.6872404835043273
304	428	1.8944631293014713
305	318	1.6424052380906593
305	397	2.358065475062599
305	467	2.3163952841344897
306	313	1.6986625394583104
306	370	1.6076343100157608
306	407	1.3506214746567349
306	429	2.161336264972768
306	467	2.080511267368302
307	459	1.6226013210812174
307	460	1.8114649667936167
307	484	2.412436116260359
308	352	2.2272993415892834
308	353	1.6377304190034696
308	365	1.4895956881047965
308	434	1.7352619718962137
308	451	2.4082241989492124
309	454	1.8822736074827273
310	321	3.866654239468712
310	340	2.098911034720457
310	423	1.4597130859640746
310	430	1.8069614391643205
311	336	1.7601371713197964
311	412	1.9647555136032695
311	430	2.4965267922047705
311	435	1.6834938781761601
312	316	2.2465251171341496
312	359	3.681866173087479
312	372	2.163214452516682
312	386	2.178147981202642
312	431	3.676820430944175
312	438	1.9130571630766355
312	442	2.3530092553520747
313	358	2.0208215030016894
313	373	1.971604317418668
313	385	1.9156957698892216
313	406	2.4460635610047436
314	323	1.7550249390966384
314	399	2.257151881234919
314	410	2.379710890031325
314	496	2.105628951862499
314	497	1.9151514507133494
315	352	1.7084196873922217
315	356	2.2073636389092126
315	365	1.511977009976014
315	434	1.4111267783224082
316	435	2.4559372826592187
316	447	1.5578140708053965
316	497	2.0644374887963997
317	326	2.270916120842352
317	390	1.918982164272213
317	433	1.7636709253692306
317	434	2.0489893040922222
317	480	1.701646274244089
318	336	1.3398240268353914
318	429	1.738191590331835
318	441	1.7471466992263087
319	408	1.9630203490366434
319	438	3.9236087885438957
320	323	1.9833238452012902
320	340	1.7295524479516668
320	371	3.1228760256004815
320	382	1.8398169174724306
320	405	2.0535589710641244
320	499	2.104222279309243
321	326	4.202978627073961
321	362	1.7649735564420839
321	442	2.1599692904195535
322	448	4.210806443674159
322	473	2.230690340562337
323	387	1.6118995630109636
323	409	1.2694251706813138
323	496	1.9627909268308104
324	364	1.2432386119685563
324	468	3.250812573763281
324	471	2.410290777772114
325	348	2.016871568750262
325	352	1.528241004848247
325	471	2.3484476695454575
325	492	1.7168621768413788
326	340	1.5701937679941516
326	361	2.8750159345830757
326	385	1.3928573202043442
326	405	2.250117604242914
326	445	1.3726445045680018
327	378	1.8105310063490831
327	456	1.9450032750834372
327	490	1.8523649863133151
328	346	1.47944910136902
328	357	2.074830098506668
328	449	2.3362448682107697
329	335	2.2206071566621493
329	381	2.3237065645348847
329	423	2.143269503151089
329	427	1.4746542347592377
330	344	1.458975434213557
330	359	3.9968502712109157
330	367	2.46561131438511
330	394	2.1259261528310502
330	421	3.8743404618375674
330	493	1.8772014446917513
331	415	1.765480333202206
331	493	1.9218710234699192
332	436	1.826753175221358
332	449	1.7704770027382855
332	480	2.298425270634125
333	376	1.3233104187911602
333	463	1.4025018171252388
334	353	1.9263259202987622
334	358	1.2084612546883025
334	378	2.256510708700999
334	414	1.4943456466430545
334	454	1.7711560895804737
334	456	1.2817025443024974
335	427	1.4990393280175578
335	469	1.7775164917059199
336	373	2.295653561942376
336	375	1.4714064839573964
336	393	2.0386881769073524
337	339	1.423651489008015
337	358	1.2902067450138288
337	385	1.875943501765005
337	466	2.1956287655591527
339	379	2.1446345481345146
339	385	1.2835227492106367
340	392	1.7820942048478656
340	409	1.5159927050282573
340	449	1.6817360799189973
340	470	1.9879688194045997
340	480	1.9410272481354611
340	484	1.766243364999065
341	387	2.278975442694358
341	416	1.4724861664624307
341	418	2.0539055029258098
341	473	1.4360095643538113
343	457	2.007937479212479
343	471	4.15632227683817
344	372	1.9581110529596075
344	431	1.6147743567467923
345	347	1.3118226914315205
345	352	2.2547824220347215
346	357	1.6052193418587164
346	372	2.2151705389674965
346	445	1.870111393847821
346	470	1.7051116160429132
347	365	1.8331495648134575
347	472	1.998339698094941
347	487	1.5184600084576143
348	368	2.3647017828239
348	380	1.997107436174017
348	424	2.109043697615956
348	428	2.107679639606214
348	437	1.7789531283523452
349	372	1.736246189763665
349	400	2.2285757560867796
349	415	3.5926551399863165
350	374	2.1286186260730995
350	403	1.8368740773133048
350	424	4.594671898766075
350	492	2.3943014704177763
351	386	1.4919240888307537
351	421	2.344993494126103
351	435	1.494526950890537
351	494	2.3194971330905405
352	354	1.2965356121771805
352	454	1.2776811288208498
352	463	1.685720831958262
353	413	1.5584066366810227
353	434	2.3620758709974172
353	441	1.9149027446889255
354	434	2.0976883983720365
355	445	1.3507930968187418
355	449	1.7657422737582251
355	480	1.5576703966487655
356	432	1.9103555955935057
356	438	1.2472990009050093
356	447	1.2283153871591073
356	467	1.988357506551917
357	395	1.9810853639356494
357	445	1.7138900938356203
358	384	1.7064849359083307
358	396	1.8339693572077078
358	400	2.3621804797291173
358	417	1.8409409455804373
358	431	1.692714437350347
358	495	1.77097134629998
359	383	1.8589553066907123
359	390	2.0253174517832555
359	415	1.2273289060353278
360	375	1.4104534843015295
360	379	1.9604862414215383
360	390	1.3953084966378517
360	467	2.271294693104065
360	481	1.6317237639728615
361	399	1.9901591564596952
361	409	1.2956965363495643
361	436	2.0624755825468353
361	470	1.2857862806569662
361	498	3.2726173917276884
362	405	1.8765495307122841
362	436	1.2637298101228558
363	364	2.0014381908104726
363	397	2.3917953922866064
363	460	2.398166821315261
363	476	1.6158890633139866
364	437	1.9088383461824456
364	442	1.471607398333099
364	464	2.220154149763886
364	471	2.0230887003208213
365	426	2.433355182590484
365	454	4.318302472984694
365	472	1.884193167388418
365	492	1.7696964164249112
366	368	1.6506845646469672
366	381	1.932077401967853
366	398	1.403843067247605
366	427	1.9266899149259946
366	478	2.070669941593336
366	479	1.4742860870253258
367	382	3.3236728228883043
367	408	3.5347260858410223
367	411	4.559683263500656
367	415	1.4843969185491879
367	418	2.267688961945467
367	444	2.010992547529367
368	467	1.2749754124423747
369	382	3.4050584447449883
369	387	1.8359478085210656
369	450	2.051001285502315
370	393	2.007204411746554
371	380	2.178555180613697
371	444	2.1009473694698597
372	395	1.8023125233537378
372	396	2.1350471147520693
372	397	1.4923738210585205
372	428	1.3684855968037837
373	452	4.808605939012737
374	381	1.3631923514935338
375	379	6.106094900084724
375	417	1.3230758556353637
376	390	1.8654922271329921
376	430	1.3841189628958044
377	468	1.349496978402091
378	462	3.8109583133094596
378	494	2.193242531423021
379	417	1.7082091640767096
379	482	2.434563294872355
381	415	1.4186510631712128
381	429	2.1003950082843246
382	408	2.20901798932728
382	416	3.299652781573924
382	432	1.9730055144524004
382	442	1.8099607113339553
383	442	1.3294009298201541
384	398	2.476886724993278
385	422	1.805203534988104
385	427	2.2701752623326965
385	429	1.6721580344629123
385	440	2.041964121028685
385	482	1.7263982255089905
386	495	1.8722153632005214
387	410	2.0086080785514464
387	446	2.234630772989002
387	472	1.8425862029301814
389	418	1.6430629739713571
389	450	2.0933356065730018
389	497	1.5196940144695326
389	499	2.478929414476124
390	440	1.4630580114460505
390	481	1.4689049942671681
391	422	2.3203704774411653
392	420	1.4847469379706013
392	444	1.9124528902867617
392	456	2.035243827497596
392	463	1.8067635784866687
392	494	1.5482208642463529
393	429	2.238421872723677
394	446	2.219668827599894
395	400	1.757155717241178
395	415	3.200196770979213
396	415	2.387855187741659
397	410	2.3296149772029238
397	415	2.340397931456833
397	439	1.4132457825308826
397	464	2.308955299901708
397	483	2.154820504297929
398	415	1.515169686257296
398	495	1.2128939215253436
401	412	1.8131001716083586
401	430	4.00230145408568
401	438	1.5628079047594357
401	447	2.1308014414917533
401	463	2.035075580639081
401	475	2.370395931465888
401	488	2.0500843897200483
402	437	2.0126869417723836
402	468	1.6701866715712674
402	469	2.180662647908004
403	452	1.2868313909234985
403	489	2.3851666507309215
404	412	3.082527757305008
404	466	1.2904474253383555
404	477	1.6667809159323965
404	499	2.1119262607765457
405	436	2.4831422829057948
405	449	1.4954867364828253
405	480	1.589556046295572
406	452	1.7620264888286195
406	466	1.4040378445964927
407	429	2.1122630704032517
408	432	1.2087235822341775
409	474	1.8207262628285639
410	418	2.126636920818419
410	496	2.002730596144576
411	418	1.4209014469724848
411	423	1.7125976633808062
411	450	1.4664131973500492
412	438	2.073060917068746
412	442	2.453100859413225
412	447	1.7976087357995345
412	491	2.9567987668387965
413	431	1.5992087156536032
414	416	2.492812296545117
414	466	2.262815363708822
415	435	2.1663125329240227
415	479	2.4726983389346007
415	495	2.108228092120377
416	444	1.2839145068747002
417	492	2.0708291392905993
418	444	1.9014336066916093
418	473	1.8452742612757942
419	423	1.987135905033424
419	457	1.2441881740759841
419	481	2.4248416326412903
421	495	1.6637609119364072
422	424	2.065597838616511
422	480	3.9895349413584436
423	427	1.8229294111949255
423	478	2.35329243808191
424	468	2.173930115191222
424	471	2.06256590432375
424	485	1.2000500244068282
424	498	1.6735879618894602
424	499	1.864915152839046
426	434	3.470762984363107
426	487	2.1459346647532005
428	431	1.435210182433583
428	480	1.6863806853607457
429	467	1.8034363937437892
430	438	3.154728750500582
430	440	1.599044748962494
431	495	2.1746819227605814
432	444	2.0178035460595978
432	473	3.2067456132385246
432	497	1.9122121149133702
434	481	1.9864624775175668
435	447	1.3647025894364664
435	463	1.2875672901938278
435	475	1.4996690626494371
435	491	2.4799256361738276
435	499	2.0851868837471548
437	448	1.7529722893667812
437	459	2.339627398589852
437	498	1.3091086192289496
438	495	1.4348609313595013
439	483	2.4575969860428084
439	497	1.4049152634006956
440	447	1.3330364378561324
440	452	2.455356780197723
440	456	2.0909463190775357
440	477	1.471314063612451
440	491	1.713717625680462
443	479	2.2321961214882875
444	450	4.495697746696584
445	449	2.184041861282414
445	470	2.294267254001602
445	474	3.926737506204648
446	456	1.9348828609493811
446	490	1.265976759701637
447	482	2.0288050662586468
447	483	1.2354275093511182
449	470	2.004003594462385
453	477	2.1017810873641123
454	485	1.4649576183175397
455	461	1.4330190450157518
456	465	1.5623198954977346
456	468	1.7689168069499304
456	488	2.0303611978556706
457	478	1.630054038853082
458	462	1.8891962897430687
459	464	1.4518474137967676
459	485	2.368031800824629
459	498	2.1189146743200227
460	469	1.9328671216193514
460	470	1.5555563973175492
462	464	2.1077502077871952
462	490	2.203312673925801
463	475	3.4765952838519083
465	490	2.364805246798677
466	487	2.4240935430282624
468	471	1.4901510605656827
469	476	2.4594271258226756
469	486	1.8199257993921834
470	474	1.6811317204392036
475	477	2.416558500577283
475	491	1.6035351642032878
476	486	1.8844901796139317
482	486	2.1094207799216087
485	490	1.3936854064868855
485	492	2.393191977738044
488	493	1.4730797870925372
496	497	2.025051201783738
