0	108	1.2271302994172397
0	265	1.2354700785929131
0	314	4.324152766165756
0	395	2.0444211110154753
0	412	3.1280191727598883
0	435	1.9004936842168885
1	62	1.8898624065854772
1	78	1.7408095855430519
1	257	2.254849315397087
1	276	2.3227928914899483
1	330	1.5915960239371405
1	416	2.0220523200154865
2	3	1.9318627862237014
2	38	1.8358832449262898
2	60	3.284028816112941
2	127	2.209175326739869
2	310	2.255308318929706
2	388	1.5171430872594371
2	433	3.757734698574966
3	86	1.7865192041321682
3	97	1.240122986908696
3	149	1.6209886837815244
3	376	1.4964735186689784
3	377	1.6398917737428995
3	391	2.2856929938106108
4	28	2.4337303873210216
4	64	1.3466777553507878
4	105	2.293577589788624
4	209	1.745556637690719
4	214	0.7448358458378044
4	218	1.7610322090024386
4	227	1.472230435184195
4	254	2.361595428370479
4	269	2.3240440306784924
4	318	1.5124700185234206
4	367	2.278787985729288
5	39	2.3494052585615917
5	79	1.8103029781402904
5	92	1.2928115562419205
5	129	1.207828755490715
5	275	1.6567437398701177
5	305	1.5090597615326697
5	307	2.1997869287264002
5	420	2.2189328754103954
5	439	1.897181420444293
6	58	1.5357342742799514
6	102	3.7510425339593754
6	301	2.2024927444775155
6	317	1.605050564592006
6	414	2.4048921080538266
7	22	1.9837118019309659
7	35	2.0270097449696065
7	61	1.5338227742646509
7	168	3.5579415735969557
7	177	4.035896003062106
7	272	2.3755409456145573
7	320	1.2690270861762616
7	322	3.052363873155227
7	374	2.2633732305738112
7	392	0.9801685538682563
7	410	4.498540724913214
8	46	2.2523349831597246
8	47	1.4028911477887638
8	94	3.693408441599096
8	108	3.6836603751276704
8	254	1.4822335842966043
8	324	4.143519371726619
8	355	2.289680687933508
8	373	5.7262154401746495
9	37	1.2554939143426909
9	53	1.256101290171602
9	65	2.373688076495969
9	118	2.474495725292126
9	145	2.3368265662999708
9	178	2.2227189908852463
9	231	2.260389454839639
9	234	1.5741979905957035
9	235	1.89887946339153
9	266	1.595258228872582
9	357	1.3604871192014947
9	409	2.112132636308842
10	11	1.584748154453047
10	59	3.116169098794048
10	60	3.582045736288971
10	95	2.098748567061601
10	206	2.1036145118128644
10	237	3.761470584813879
10	306	1.5926646320469287
10	321	1.8619360572479087
10	364	2.4868550502665885
10	375	1.2864206134225542
10	413	2.4642300436486826
11	23	1.5752251979472063
11	76	1.0940890627381779
11	114	1.688290393497266
11	120	1.8895152610513104
11	146	1.8083110464886087
11	153	1.3423033050628603
11	182	1.3700404873849101
11	205	2.082470615485458
11	311	1.4268758912510306
11	371	2.8665335572460005
11	432	2.092990319185275
12	43	1.662531451994208
12	181	1.6457843911509817
12	209	1.2972859518704134
12	218	1.9573526094256037
12	329	1.5917906998553413
12	360	1.8729225524367408
12	384	1.403017227541421
13	14	2.484483971565653
13	40	1.6499751564838752
13	57	1.31082802136492
13	125	1.6245359607927634
13	184	2.9934390845266323
13	249	2.0742991047953305
13	294	1.338957529985486
13	343	2.882751292331003
14	37	1.6462881455485523
14	40	1.6328352339026657
14	86	2.102864523445494
14	128	1.6733885893470117
14	139	1.6111237093802186
14	162	1.5486606862650483
14	184	2.434337083366569
14	216	1.8730529475034885
14	268	1.576242970155899
14	316	1.9283451006210668
14	431	1.6431866575138236
15	31	2.464545245648934
15	64	1.5994270178034764
15	70	2.3398884024350144
15	150	2.442885064253053
15	152	1.6228156472458501
15	158	4.634275060380292
15	165	2.3572252522259136
15	269	1.5640945588234454
15	356	1.241569285605272
15	387	1.533384547472831
15	397	0.6553895717558766
15	442	1.7683323820275527
16	51	1.6105171331272026
16	91	2.1641016538389093
16	112	2.280640258529143
16	113	2.121066026548122
16	130	2.2122830245015956
16	147	1.3491102807778976
16	226	1.782450340055036
16	314	1.3712082228210596
16	346	2.0121796710882913
16	404	3.2421003137871516
17	106	2.427768862056202
17	142	2.1608122680174153
17	150	1.5157541143356883
17	243	1.261023598803824
17	310	2.122626500875545
17	315	1.2767021388776554
17	318	2.450153021370265
17	322	1.821801237693135
17	351	1.8158760021211084
17	380	1.3637342618369126
17	441	1.9690282251211044
17	446	1.5067672767735973
18	35	1.8195083406013473
18	105	1.5857044839028402
18	141	2.2909308447792345
18	167	1.650552448654905
18	328	0.10695224143379758
18	334	1.6366066346482564
18	346	2.3859937127124944
18	395	1.982076325268209
19	73	1.5737751883279834
19	88	2.0965376998585343
19	101	2.2761763379222106
19	130	4.081540741936614
19	153	2.0403274525696977
19	257	2.2234795834343735
19	311	3.8568000323037532
19	348	3.817129607702557
19	365	3.9393415669371183
19	416	2.0470647335103185
20	25	1.2396108402138182
20	48	2.3802797410809333
20	117	1.4297851861247113
20	147	1.6307247986349824
20	171	3.0019828760719056
20	211	1.4473930695885824
20	289	1.1213276394657137
20	291	1.2775586780024129
20	296	1.482944451242243
20	326	1.9482472911982325
20	369	1.5522035455531091
20	399	1.6415430451246416
20	411	1.6648483023977878
21	31	1.4616777596979695
21	62	4.379538056942122
21	176	1.2922830075331113
21	196	1.3487317502463807
21	245	2.0694255921328955
21	266	3.8199246496459147
21	319	2.3861892963814957
21	415	1.3230861620385803
22	168	2.3006435392423707
22	374	1.816053689464697
22	392	2.336414028999178
22	407	2.357877464389672
22	426	2.0354727496807303
22	437	1.420224586831752
23	76	1.4558775753726145
23	166	1.333278636802525
23	204	1.6333910983402837
23	428	1.6411682826518907
23	432	2.8493552690477433
24	29	1.2796138548340634
24	56	2.012539334171535
24	81	1.4975265973286986
24	123	1.6390058651969799
24	161	2.0905284289054573
24	187	1.7196141814449448
24	201	0.7738174793055473
24	221	2.3528217742336164
24	238	3.149448626035559
24	274	1.3465221840931065
24	308	1.924828987850673
25	41	1.4126964137850193
25	114	1.977598729039101
25	126	2.212265335537701
25	173	2.3554183454165463
25	186	2.360036705274523
25	212	1.8444651483421803
25	296	4.144446415178711
25	326	1.756983343981468
25	332	1.9941581749505386
25	349	2.28757570570003
25	411	2.2513637992433173
25	438	4.017704853268895
26	95	1.5670920177293333
26	166	1.768210722271039
26	182	2.490475476431308
26	257	1.8951179955699504
26	262	1.9804361713563374
26	330	1.3791256033480928
26	337	1.398826496509044
26	371	1.6472967487165153
26	385	2.4665748487856884
26	396	1.4541013179191484
27	173	2.088236294932317
27	198	1.8806756006597423
27	286	1.6430439297398012
27	289	1.4187461596651167
27	310	1.3392963704386542
27	336	1.4698601173892716
27	398	1.891396586134158
28	38	3.773323348770951
28	43	1.7685825897329788
28	86	1.8262623244433756
28	98	1.7777051984350343
28	127	3.434135163779664
28	189	2.0892302159892453
28	251	2.825968089935592
28	326	1.7327322543689334
28	333	2.3583997261166587
28	351	2.4812392634008313
28	397	2.069087976738396
28	400	3.423386783658877
28	414	2.5116286316832106
28	421	2.3777814597198654
29	66	1.6065405523551834
29	81	2.3348172964096623
29	102	1.736481735127427
29	188	1.9772546584838742
29	202	2.273314589934004
29	213	0.9118665906310225
29	317	1.328807822967333
30	132	2.475916072826407
30	160	1.745095634583249
30	168	1.831568492208278
30	184	1.9803645571418254
30	193	1.467806100966006
30	204	1.7744637769967873
30	270	2.217496993379475
30	319	1.6517436543400648
30	322	2.107538114991919
30	331	2.3440512792547716
30	383	1.9697874360144891
30	434	4.286118833613582
31	54	2.2933522329954457
31	70	3.774382102852281
31	128	3.8427778263890016
31	228	1.3935603799687555
31	248	1.980016273977455
31	255	3.929849532949061
31	269	1.3519489718742925
31	356	1.2941178881246511
31	387	1.6830409088212732
32	39	3.9014755283402613
32	40	1.4637054653901505
32	74	2.3115442356653797
32	148	1.9463138529654092
32	192	1.3567568497099944
32	236	1.419091408507851
32	300	1.815565158879389
32	322	1.3367112771988967
32	360	1.4678736732384097
33	35	3.6079992856738903
33	89	1.8931581062599605
33	95	1.3377567572809343
33	256	2.4690643955817295
33	279	2.217687512477389
33	302	1.3203332501376492
33	306	2.082709249004233
33	339	1.2392489681025751
33	412	6.8198367662103845
33	424	2.0788855536214688
34	66	1.5820315897082442
34	80	4.06678145764619
34	104	3.6792464405444667
34	121	2.3021097916187654
34	134	1.8898695836246668
34	167	2.1965324191525157
34	175	3.70094364182894
34	178	2.449080267877507
34	180	3.2146396748802317
34	213	1.8767235013645118
34	301	1.4833549473283436
34	307	3.947624662062973
34	401	3.802023755468942
34	445	1.99976136778896
35	167	3.1938108901567572
35	253	4.138763050724164
35	256	3.557542883653464
35	313	1.5570544398834059
35	412	1.5010342169103916
35	414	1.6952797838118592
35	443	2.023213518979883
36	40	1.4289494422923819
36	139	2.480990157562941
36	294	1.4215199530879672
36	333	1.4201988951488094
36	343	1.507307983072435
36	431	1.570566435146266
37	57	2.149344229206129
37	139	1.3246938522989264
37	172	2.132742518230639
37	184	2.0921878158652145
37	193	4.001834164628608
37	294	3.2538470209602197
37	316	2.2141007013393263
37	370	4.2356824803667426
37	405	1.71847760272929
37	427	1.7466408625344756
38	75	1.7728477914179237
38	116	1.6214106022488932
38	127	1.9453757523663504
38	189	0.8737666872939239
38	238	1.2423796591617882
38	288	1.4047258685719743
38	367	1.7629490218334303
38	405	1.6245057803908898
38	448	1.347868883606938
39	74	2.3952667585443788
39	79	1.4142920746914764
39	129	1.8627860402543366
39	143	1.2705276204172626
39	155	2.315790273533257
39	192	1.6101310178186536
39	203	1.8026665301409093
39	253	1.4703715188106137
39	254	1.7511660616495008
39	324	1.2249885390865787
39	362	2.09711267248794
40	125	2.469028054650022
40	126	1.4026497398478381
40	139	2.337441864077478
40	167	1.867824251133984
40	216	4.017895425758466
40	268	1.2989572540370729
40	346	2.1118180220685545
40	366	1.3461722573625348
40	398	2.049281961602777
40	427	2.0971343795682156
41	156	1.517248796143904
41	199	1.823675724742633
41	205	2.250089805147879
41	212	1.5097992806229217
41	225	1.6782622090656185
41	248	2.0732986489259764
41	308	1.6291303044302596
41	326	1.6048251204820703
41	403	2.031464021564262
41	411	2.168768813245558
42	88	2.072299154975596
42	95	2.107738822429071
42	206	2.0933796051550897
42	257	2.18165006567336
42	317	1.424069387304876
42	321	1.8311859877287342
42	337	1.8158157807084385
42	365	3.0526275847351148
43	86	2.348062531288523
43	110	2.020754583083867
43	333	1.2232703601875456
43	360	1.379484231792956
43	377	2.4407664822068305
43	384	2.464658383897693
43	391	1.9441853686425101
43	392	1.2084294861605356
44	54	2.427152133070469
44	84	2.2106095814658833
44	157	1.3200182538278917
44	194	1.4611439011750003
44	215	1.7625022137763713
44	230	1.6496491395612085
44	252	1.9311647371272904
44	306	2.2045242062998405
44	314	2.498133414586523
44	412	1.9777426560938776
44	424	1.9702388391976235
45	61	3.6522678660850563
45	139	1.2856046296391304
45	184	2.395684127550683
45	203	1.6205935197233168
45	216	2.4518540473483785
45	244	1.9405907326604903
45	258	1.5721120401542903
45	340	1.410290857957327
45	370	1.2491012146943707
46	47	1.7269902150922407
46	94	4.297912627719322
46	115	2.029574796836493
46	129	2.1915299922821347
46	170	1.2518481436061086
46	192	3.2658762845917115
46	254	1.2139391828561925
46	275	1.7667945712833242
46	295	1.6281677796769256
46	297	1.9818465838053765
46	305	1.2361513085016342
46	323	2.277150086760024
46	366	1.508997541165094
47	79	1.7665895016244761
47	115	1.8455101098595175
47	135	1.2090601887935382
47	140	2.0780466548415095
47	144	4.319022049845379
47	174	2.132886551213583
47	192	2.385690563049284
47	240	1.9851497849676054
47	254	3.5894776214075446
47	275	1.7789928816519929
47	295	4.118404641012103
47	332	2.112798653964396
47	391	1.4744238096054978
48	61	1.7524573882055272
48	173	1.7610580770650093
48	205	2.1880753148401983
48	212	1.7767020773143911
48	230	1.5691858982954168
48	287	1.9636510170884953
48	289	3.5777529319740617
48	340	2.1733599607278773
49	199	2.8659792452679937
49	279	4.3899130632233465
49	399	3.1788691870544543
49	421	1.7301758791623203
49	440	1.9774876599265894
50	56	2.100635964759472
50	133	2.238277220440561
50	134	2.3528731516347774
50	170	3.4091117774532957
50	197	1.8830709994730987
50	202	2.0377131299746605
50	203	1.8787910732994713
50	210	4.304052485768279
50	213	2.4832486451639535
50	221	2.316106374331028
50	317	1.7763585712568175
50	433	1.8779756223318675
50	449	1.9548208203200308
51	56	1.232556334247195
51	137	1.9921938711805554
51	141	2.3039202770860383
51	167	1.755730650483525
51	226	1.511317102748037
51	259	1.4135123312270927
51	269	1.9089744762363854
51	302	0.3075797109701841
51	334	1.592209559162261
51	339	2.347309821296968
51	388	1.8636233267438715
52	64	3.7176090220295954
52	67	2.1786651048107424
52	80	1.808524720970155
52	119	3.6161818705662183
52	142	1.6014379562667778
52	195	2.1611218009897937
52	198	1.6065396015678903
52	253	1.4329268553742944
52	310	2.2754333474549773
52	315	2.3283805346704396
53	64	2.0987090374256967
53	93	1.723850122505989
53	122	2.998906791700129
53	195	3.9078717781026286
53	196	1.335555394205045
53	213	2.0949132308052762
53	239	1.8828932698936631
53	310	2.378356164750625
53	381	2.4448538305733396
53	430	1.4949046722091497
54	96	2.115525481536835
54	99	2.0426305888463707
54	120	2.2224825027657733
54	138	1.931973892854344
54	165	3.6614979000345227
54	223	2.4237570800833836
54	277	2.145819014436576
54	280	1.2301563340063681
54	299	2.293086611057471
54	314	1.9399803752741174
54	321	1.5305950524904592
54	351	3.056121294931322
54	356	2.203101834176909
54	387	1.0418623647128715
54	394	1.8126961660215453
54	397	1.6866843005899101
55	227	1.3200670536945383
55	313	3.648306656799751
56	66	1.385586788413155
56	102	1.5189683848729976
56	107	1.2382269815296139
56	131	1.3313763404619068
56	201	3.4707398208822897
56	240	1.586933159059952
56	268	1.4858485976397615
56	274	2.1896326978755445
56	354	1.3816716721610793
56	364	0.7857251171851003
56	445	2.335210588657243
56	448	1.9376278832783669
57	61	1.2943152339269712
57	63	1.2981542610352226
57	83	1.8460356853177458
57	121	1.5185432682729876
57	249	3.7770321887598466
57	258	4.199583662933591
57	281	2.1745464574163247
57	303	2.437602749587518
57	305	1.9802118642262685
57	393	2.3839268924382218
57	427	1.5179080443192583
57	447	1.223656949739896
58	66	3.8939481285452735
58	77	1.6182852510263839
58	78	2.306839572747934
58	226	1.2249945654893974
58	281	2.163469770907379
58	307	1.6410305327668058
58	309	1.2250728603314875
58	311	1.690091655981492
58	352	2.0907685026545626
58	402	2.315075638271563
58	425	1.570890598325098
58	445	2.0423401714500202
59	61	1.9123803940005393
59	88	1.6190164662400348
59	145	1.920914986916186
59	267	2.4285354118229248
60	73	4.207309098383083
60	163	1.7378084615184655
60	300	1.235151562354746
60	340	1.4338581370531787
60	341	2.411168335344834
60	365	2.304908950175279
60	371	1.9740838871313473
60	406	2.1709301456351806
61	125	4.032540233298143
61	132	2.395517666284488
61	139	1.704760348955257
61	281	2.301633078736083
61	303	2.3128797255993594
61	343	2.2141478220133273
62	124	1.861070430673143
62	163	1.5567926654002446
62	188	1.711350723406079
62	264	1.8311316890399838
62	266	2.024388261264758
62	272	1.5767625042307822
62	336	2.49917275901919
62	338	1.3207470481319523
62	374	1.3727331477619877
62	383	2.16402458877592
62	434	2.0080036819891105
63	132	2.0731757394198933
63	139	2.2952772745968915
63	172	1.8058136981177033
63	184	2.2441104141773693
63	281	1.4649310069580852
63	294	5.338621612294536
63	316	2.0651503428627143
63	416	1.683171106185486
63	427	1.685283470231302
64	65	1.27714470263648
64	69	1.265739438508033
64	87	2.0770970057845908
64	141	1.2594333175679433
64	142	2.36236915100573
64	169	1.6986260728711196
64	176	1.2790163632579212
64	245	1.807472309932288
64	319	2.4883509135042585
64	335	2.4094974764383013
64	415	1.3729642655406664
65	85	1.783321235502263
65	93	2.3179961457554725
65	151	1.6071661084072442
65	235	2.4041119815206278
65	250	0.6838494863969462
65	252	1.9737445120714585
65	271	1.733152894451381
65	284	2.3174344018011572
65	315	0.28208976640787625
65	415	1.2482860780339091
65	417	1.527916193204938
66	67	2.1933050776868734
66	81	3.774146792142307
66	122	2.385774954667425
66	131	2.4994427125834626
66	187	2.2001889465514197
66	210	2.088106315683068
66	274	3.2110151480067572
66	292	2.171429151417393
66	405	1.5388063051538123
67	86	1.4036065803657618
67	209	1.7446120768973532
67	245	2.415454417325465
67	309	2.2796950271796708
67	311	1.5125954555972458
67	319	1.4092634957147194
67	379	1.5451740854995688
68	88	2.054076857605464
68	124	1.692443108214503
68	177	2.468849290548737
68	182	2.2275562439135292
68	267	2.4668333349759877
68	276	2.405471040451207
68	300	1.626318586456743
68	365	1.4678404490081784
68	371	2.001049833415165
68	416	2.278402474359492
69	111	2.150760259319605
69	178	0.6300982422573205
69	310	1.2968821431940687
69	319	1.5049384938005343
69	429	1.575356172572363
69	446	2.175918178935146
70	96	1.5462625253021294
70	136	2.1236484435315597
70	158	2.2812321585473847
70	165	1.5275918224738056
70	248	1.5037751085984563
70	283	2.422324498608946
70	369	2.3562127749281894
70	375	1.3832672135214366
70	387	1.95667324657482
71	161	1.83161681422737
71	215	2.0363362890524446
71	221	1.8732776165686658
71	232	1.2883294106112262
71	245	1.8734646429535995
71	301	2.2744625347150986
71	304	1.2798201797456157
72	97	2.4912780790480893
72	98	2.355080516783677
72	116	2.0894052740077584
72	127	2.3584483155532308
72	209	2.2937156868237802
72	318	3.1981475846086784
72	333	1.4585955451612378
73	82	3.454383352533265
73	95	1.3069949797116638
73	200	1.6756445242283728
73	206	1.6339550171134252
73	222	1.2693585252499917
73	298	1.9373621848956741
73	311	2.2272366204403573
73	321	2.4490366964861687
73	337	2.2602940628088506
73	396	1.5822052648298546
73	416	2.094446013982047
74	79	2.15379882999623
74	129	3.2423331479643966
74	192	2.0822059959403396
74	252	0.28160922048492953
74	262	2.1265267882155445
74	294	1.5173251473714364
74	297	1.5218282022517275
74	323	1.2831570403586363
74	324	2.215236865195066
74	364	1.4775862107775795
74	436	5.748218504434805
75	97	1.4582842712495718
75	116	2.1543908590600696
75	149	2.1859355996859855
75	235	1.913246919784453
75	248	1.3877059150058584
75	263	1.5563030385141257
75	367	1.9875347366309666
75	391	2.112915616132707
75	414	1.3216912004653365
76	99	1.8691075993836028
76	120	4.4760904855935095
76	153	2.3651438422200997
76	282	1.7573982579383576
76	307	1.3969826249061446
76	311	2.0544967887342613
76	413	2.274307330560281
76	418	2.342770774056376
76	419	2.1775935246940166
76	428	4.892737907389142
77	150	1.4155718401343667
77	215	5.517802683750128
77	232	1.823379373617673
77	429	2.3623769556113436
77	445	1.4900306380363069
78	88	1.3742571574384042
78	124	2.4509664704559873
78	146	3.3606710703985465
78	174	1.5832820466994109
78	200	2.476267723190984
78	222	2.025883648226653
78	237	1.6774168419333322
78	276	2.254351225089356
78	321	2.1312133790677636
78	337	1.6049687406205702
78	348	1.5305371753363972
78	390	1.9243397852405266
78	418	2.375682685256674
78	419	2.089286087231597
79	143	1.5519618966970843
79	144	2.182159312949951
79	148	1.2361732460147035
79	174	1.2317286521739934
79	295	2.1810113352162706
79	297	3.7291171412639845
79	307	1.4133176636012434
79	420	1.2013170899265222
79	430	1.5971095880063062
80	131	2.0634711146481357
80	213	1.6684958914246497
80	215	2.240014180329279
80	261	3.7709072274019424
80	291	1.3037838148479028
80	297	1.5419819521939129
80	305	1.314027643715622
80	348	2.497588663549654
80	389	1.6131854477366376
80	425	1.7185715430415267
81	123	2.394921941111163
81	131	2.0725067874624026
81	178	1.5563242733699827
81	180	2.1633946058546707
81	221	2.394321097584661
81	274	1.4203394278344166
81	352	4.158313056913899
82	114	1.6293688314591406
82	182	1.3892143225983113
82	222	2.1768968660984855
82	348	2.2236455894589637
82	371	1.6689112620314763
82	375	2.1714713251971953
83	125	1.6272806621272273
83	132	1.7662590027149156
83	184	2.490232923525438
83	193	1.6668941082521713
83	275	2.111345837279668
83	366	1.5602246794893253
84	157	1.807196251706052
84	230	2.067190382857773
84	252	1.2077395439217484
84	302	2.210159033450762
84	314	3.8852084243645506
84	320	1.3576353981806086
84	334	1.2188948580321302
84	368	1.3077432523114627
84	371	2.3686701425405876
84	378	2.451064525555175
84	404	2.256839606670229
84	422	1.9502398106224967
85	90	4.275748595782567
85	191	1.6117773554355002
85	430	1.6098185068553916
86	98	1.3911532659382426
86	110	1.4241451052365142
86	234	2.244124010132702
86	236	2.369985901678076
86	400	3.4672362471612383
86	421	2.166116038309074
86	444	2.4423591222647696
86	448	1.4816261542495948
87	178	2.489631659278876
87	315	1.3698042689405996
87	338	1.7597790908943387
87	432	2.1168963522156465
88	130	2.322386533328787
88	293	2.3352032413599457
88	413	2.2642156331332077
88	428	1.8463813875993702
89	91	1.7750163727419457
89	113	1.2893830351979736
89	141	2.241573627338106
89	230	1.5128817142754558
89	302	1.8939292899768816
89	332	1.7871894860065227
89	345	2.431336495581516
89	346	1.5706872614671117
90	142	1.2866789955821893
90	145	1.8279372486620185
90	253	2.1942869102939992
90	315	1.6483319272924257
90	381	1.533792827917369
91	210	1.323481614724161
91	226	1.4010687450930148
91	230	1.2657710658797925
91	263	1.5569322494507978
91	264	1.674752547164571
91	265	1.8432117642358874
91	342	1.2815609982226808
91	412	2.4593119057625676
91	424	1.8731741280755416
92	108	2.364847868969486
92	182	1.2143917509751594
92	192	2.468200310203062
92	263	1.5455536608063842
92	275	2.060954285564522
92	297	1.207910533129888
92	305	2.0622861439577376
92	316	1.6972523136451114
92	357	2.4680684149818504
92	373	1.6168487432383076
93	136	1.7955310070509864
93	174	2.2722673351185287
93	175	1.6333478095330825
93	243	2.3270882948126954
93	246	1.8836835800907126
93	250	2.344872273722088
93	342	1.9058438432220588
94	108	1.9537288176892251
94	115	1.3347272693503482
94	135	1.3095088851664234
94	155	4.337429947139286
94	185	1.9362481129954094
94	192	1.3493083063708655
94	254	2.258357823463257
94	257	1.931033602869773
94	294	1.8793712505740983
94	312	1.3279535579466832
94	420	3.574824298197295
94	421	2.236152847850013
95	200	1.456927833164385
95	267	2.28601314823526
95	276	1.9429170530139583
95	321	1.995459049058046
95	365	3.6956852939802616
95	371	2.121476871130561
95	406	2.161191554311998
95	418	0.4980444170908729
95	428	1.4424617735642435
96	177	2.467888416222702
96	184	2.033767664293527
96	220	1.296241550820375
96	264	1.2841300065295287
96	322	0.6887755741823505
96	336	1.5289971490873056
96	360	3.9879851627327376
96	363	2.255446664432578
96	386	1.2031815793926879
97	209	1.5491994683476447
97	238	2.1521167218985826
97	254	1.6990635274793036
97	333	1.2559463473350088
97	360	4.6148799099984785
97	367	1.252606295651777
97	391	2.3604602928669296
97	405	1.9213605039527017
97	421	1.7475908553240491
97	444	1.5229751861844847
98	214	1.561495074055721
98	218	1.8536952786487029
98	234	1.950659126158288
98	360	2.3823930085045024
98	376	1.860159700890232
98	377	2.3170150366592464
98	448	1.2725340157620266
99	223	1.26057151909196
99	382	1.200361822229793
100	103	1.2924661065055945
100	152	1.2539057429077203
100	158	1.8064854319983037
100	159	1.2889064915565225
100	179	1.4428788872835188
100	223	1.566630203858464
100	277	2.1168239999502614
100	278	1.6582963012919862
100	298	1.638355126235775
100	299	1.4483512362973665
100	353	2.1586016041926848
100	356	1.2328302476812316
101	200	1.4486628007155216
101	237	2.2456768043970685
102	104	1.68336594789201
102	123	1.5257414274449643
102	170	3.3762670990170154
102	188	2.460481825905313
102	202	1.6850163621282594
102	213	1.853329180753383
102	307	0.8355881553667693
102	423	1.3419130949844682
103	208	1.5672756137250559
103	269	1.2298866918437648
103	277	4.377063998408409
103	280	1.8198874937621605
103	285	3.562002869864382
103	316	2.3629875128663795
103	356	1.802970570277954
103	387	1.517746628232473
103	437	1.4983718000401287
103	442	4.051913733979801
104	161	3.305580797108448
104	162	1.5750330424858199
104	213	3.6520214553257286
104	232	1.4097026366094167
104	242	2.141051592141592
104	307	2.2783292972072875
104	317	1.8952864521163302
104	327	1.8333779874069782
104	352	2.3399962825178777
104	445	4.353370507021964
105	141	2.0649018700882733
105	157	1.8640582552150757
105	167	2.494299555453259
105	218	1.5692498906775025
105	252	4.433114849858638
105	313	2.260900053773968
105	414	1.443332986904694
105	443	0.773860156401015
106	145	0.6977757152416595
106	176	1.4334569676557032
106	191	2.3143375717041454
106	309	2.3329029382426234
106	335	2.2530557569473784
106	349	1.9752339340021297
107	128	1.6313099705242895
107	165	2.4318347211637352
107	255	4.472244071472994
107	269	2.0912328377964102
107	278	4.49272269648112
107	353	2.257401677225978
107	355	1.4962545772738307
107	356	3.6525566184683846
107	363	4.210421522675851
107	429	2.33410301769932
107	442	1.3785003547338937
108	144	1.6175344523176198
108	148	2.0446847139098465
108	235	2.224367668845764
108	297	2.1680904106596626
108	323	3.883737768956488
108	373	3.8331458077395926
109	117	5.369726634441396
109	147	2.1503164257586143
109	156	1.755504613121125
109	183	1.3043947659050863
109	289	1.6998733106861852
109	291	1.8611609597280432
109	296	1.7155133059572305
109	403	3.929699883859649
109	411	2.4128126066612707
109	438	2.460017368758039
110	209	2.086764559567552
110	214	1.8219992957611928
110	227	2.946645666531845
110	238	2.1072701056746723
110	288	2.19306498329165
110	318	1.7509270292451942
110	351	2.4209014429623723
110	391	1.225195697398268
110	448	1.5201381785695782
111	119	1.6050105502693368
111	122	2.0775877823714093
111	160	1.6999918675484835
111	164	2.934187467567954
111	246	1.4010760456904199
111	295	1.9479430908335023
111	301	2.3466498473310438
111	306	1.358490730596678
111	309	1.4305678644805095
111	310	1.6666898654582736
111	344	2.4122705847481116
112	137	2.3125461839152845
112	157	1.9130044486887823
112	207	2.1617237115075594
112	230	2.4698752569572218
112	247	2.18453969469632
112	252	1.803712705811704
112	256	2.39681769081608
112	290	2.2652087714478606
112	378	2.3565435553664242
112	404	2.2518692751270337
112	412	1.504067085116945
113	157	1.5982593105777392
113	163	1.666968242586492
113	220	2.3609436468154694
113	226	1.7111690656524319
113	265	1.691560476966802
113	313	1.7877585887182903
113	342	1.4916296682791295
113	404	1.6946453994091453
114	182	2.2880680136885294
114	205	3.9911659156483665
114	212	1.2164423885999185
114	262	1.7781241255289024
114	279	1.2862709485920751
114	340	2.085041284052671
114	409	1.2227394525768505
115	129	2.161453098633333
115	166	2.2291326025754485
115	297	2.118997150441901
115	310	3.8862410480423417
115	312	1.6642919664806208
115	324	4.1389065192909165
115	397	1.849136560482538
116	127	2.3517083055944537
116	149	1.5597365931170946
116	209	2.175787325473183
116	214	1.793333271039856
116	234	5.268147307977138
116	369	2.363931004290597
116	376	2.352733153631675
116	421	1.7170460008011168
117	147	1.3011342217467645
117	181	1.6179938062300476
117	183	2.4409894289338516
117	198	1.3473804704868377
117	212	2.0772518082541875
117	287	1.2149579235605221
117	331	1.9499459668634582
117	365	1.6846426200358011
117	403	2.207079623315882
118	119	1.7746347219123952
118	195	1.7430783198815059
118	208	2.4812287111327938
118	246	2.0818156488067814
118	271	1.7960044815781013
118	430	1.9374623037283794
119	145	3.7020418286080927
119	178	2.459386188740149
119	239	3.7832634748012435
119	253	2.2100581614784875
119	310	3.080615104912913
119	357	1.4435637515672837
119	381	4.137966325365868
119	417	1.3779336728156937
119	430	0.11636342975093919
120	130	1.8165059790881983
120	200	1.820349394243749
120	204	2.297589119918758
120	257	2.1911512038621748
120	361	2.0547648959241505
120	416	1.7954570079065544
120	446	1.5738124116667092
121	220	2.161493156821846
121	233	1.69259646965118
121	272	1.698875468476546
121	329	1.8552785817415292
121	368	1.5056634673848142
121	431	2.4212299824803747
121	434	2.390540330040241
122	273	2.253221804898363
122	293	1.8786507484805792
122	310	2.456540510922099
122	347	1.2341152898257797
122	357	3.1323282734213835
122	381	1.2569872945717089
122	387	1.859287541852947
123	133	1.8208487362401735
123	161	1.9512177813474936
123	176	2.097691591793602
123	188	1.3099118959506102
123	221	2.15914235028316
123	261	1.2305514064903953
123	304	1.8872632859038845
123	320	1.7328554875228612
123	354	2.2861076062309236
124	146	3.6257348766213364
124	222	2.272440110897241
124	237	1.9526687007956942
124	290	1.5125615420110758
124	321	2.2601585942871782
124	406	1.9594117501486394
124	418	2.4075711378700326
124	419	2.245273536895652
125	126	2.3462502684646327
125	162	1.4866277274710757
125	175	1.9706220342450496
125	244	1.3397245305670793
125	268	1.6580854717203697
125	294	1.8871399887215783
125	354	2.2220460748097315
126	162	1.3335393100771102
126	203	1.2529091116144082
126	249	1.4738964195730433
126	268	1.601926678827377
126	307	2.354591324540773
126	343	1.6959231070907632
126	402	1.8144663756168677
126	427	1.6108162850786336
126	431	1.985067244384695
127	288	2.470162796359066
127	391	1.2052050200197624
127	400	2.1679652780268537
127	405	1.3865473269539739
128	150	1.913386551544424
128	257	2.041444408787321
128	280	1.6798897484355635
128	282	2.1230587527505453
128	333	1.7689280982184172
128	349	1.5462644223700535
128	355	2.078585490254876
128	375	1.8925834308401894
128	379	1.3873875354609566
128	442	1.6398043255997239
129	143	1.9995080643763985
129	185	1.968214312013792
129	254	2.214643313479761
129	275	2.43527859641788
129	364	2.456168788001982
129	372	1.6365751818534104
130	182	1.8697178640243244
130	365	1.3846376602844064
130	378	2.030563148619993
130	385	2.165545610992593
130	413	2.2580015138049143
131	133	1.9459393107191851
131	197	1.2758526601475528
131	449	1.599581447098443
132	244	1.394717338153677
132	266	1.9468815534989394
132	281	1.9825439602665387
132	301	1.44346555982339
132	316	1.4474877257466916
132	343	1.4981814864214498
132	393	1.071667973051761
132	431	1.9502758335973702
133	154	1.7305979241712497
133	167	1.6245423555200438
133	291	1.7293407391777833
133	301	1.580230967039558
133	307	3.8093368295677683
133	329	4.971232388222795
133	401	1.314056874150568
133	445	4.782952189150731
134	197	2.1979237162142575
134	215	0.8496752693525847
134	257	1.28889852018185
134	317	2.380616363449299
134	354	1.6431223466711589
135	150	2.1435422790163248
135	185	2.1862357069818614
135	283	2.1354734711730647
135	305	3.7364443262859712
135	312	1.740706087490926
135	352	1.7295164701467547
135	372	1.5136047049551702
135	373	3.2484554831964605
135	436	1.2582936792789656
136	152	1.7021902048120654
136	248	0.9810175979853355
136	255	1.9523310289300042
136	280	2.3914000596261618
136	291	2.203263956270698
136	356	2.2921670188525938
136	363	1.6175328547799128
136	382	3.606719458610704
136	387	1.7076010688168295
136	397	1.5993002241149155
136	434	1.219293779892892
137	167	1.8906170515809235
137	230	1.2348971428620967
137	265	2.0606409626725095
137	288	2.1685632076852066
137	306	2.03131232579743
137	340	1.6542100721534307
137	346	1.5063883931375046
137	358	1.3599203676805809
138	278	1.346476005134579
138	300	1.8136159894658346
138	328	2.116950572024376
139	162	3.38471307653007
139	184	1.8698182379445043
139	216	1.499341796302934
139	217	2.1379930847098256
139	281	1.8992766126709277
139	294	1.7403843546822255
139	303	2.177741454853256
139	389	1.8629313268306475
140	144	1.6787476310151699
140	155	1.912338942017049
140	185	1.5745883245934065
140	219	3.4909672779417864
140	225	1.2662924595466618
140	244	2.000588174006042
140	254	1.7928937800965454
140	268	2.2781105741599355
140	278	1.2884469099680962
140	297	1.425713223841088
140	429	1.2668678933052946
141	172	2.181947000829083
141	252	1.2421120208939849
141	295	2.4576089149649105
141	314	1.9977174094128194
141	339	2.126925654646274
141	378	2.4481117812750965
141	416	1.3317912896034851
141	424	1.8861623683530084
142	145	4.299916907935948
142	164	2.373433213738587
142	169	1.4147039116375653
142	178	1.3836732358242014
142	193	1.935777967885507
142	196	1.3062752238456998
142	235	1.2273268116463245
142	246	1.3798960427483267
142	250	2.477428938051384
142	266	1.488138449047793
142	271	0.12052466072511545
142	319	1.2630685760198261
142	357	2.2350210789542686
142	430	1.5343141979488184
143	351	1.616502664631573
143	431	2.3304956788262556
144	149	1.6836325216365724
144	219	3.11164736942028
144	376	1.3258844956522207
144	436	1.3597882289051042
145	164	1.3999247324322273
145	196	2.253365230693111
145	250	2.068241712995857
145	293	2.428025986488374
145	415	2.48055635378865
145	441	1.5184512852394876
145	446	1.7429867187789239
146	200	1.3238657940681615
146	222	1.6419811827406783
146	235	1.4277875413577643
146	236	1.3300402363592867
146	267	2.1643284301763455
146	330	1.881158366208645
146	341	3.880406191473736
146	361	1.8918695873149582
146	372	1.3062331289927653
147	181	1.9606438779243536
147	199	1.7630359706376826
147	229	1.985779694814902
147	242	1.9133700252329175
147	291	1.659912177269141
147	308	2.1381786482465373
147	380	1.3707269797993153
147	391	2.0234120276619905
147	411	1.2035541036483768
147	438	2.012583515590282
148	153	1.8834096090905739
148	183	1.3515241634174793
148	192	2.574419212331809
148	275	1.629326445687909
148	295	1.9731757674070574
148	305	2.0223467526840238
149	209	1.0510883449961823
149	238	2.3559082478664375
149	288	2.455849069404257
149	351	1.2968261903730052
149	384	1.2471860414962934
149	421	2.2442193687000325
149	444	1.8447243553134631
150	273	1.369953856985882
150	280	1.7229195115148688
150	355	2.1635675070731453
150	356	2.7078021267405767
150	372	2.2908483901189935
150	397	1.6430966986537943
151	178	2.375229295970727
151	271	1.6622520821607722
151	347	1.5339521775289973
151	381	1.480636907592921
151	421	1.9396549194931252
152	158	3.822575492965928
152	278	1.4205176437925717
152	303	2.0681209886774155
152	359	1.4516545851226914
152	384	2.048209387171247
153	166	2.3027858406407056
153	396	1.4642962124930587
153	410	2.0542869543134072
154	161	1.8325502577016413
154	180	3.2616055125480736
154	221	1.91595343175999
154	261	2.339321466994927
154	313	1.7466544638094996
154	354	3.0944876274594018
154	399	1.4398849437437853
154	423	3.7055312293507026
154	445	2.384649003364764
155	269	2.15147526881256
155	312	2.1887876786820946
155	337	1.4182770292520483
156	211	2.239930670437711
156	260	2.1903019265429764
156	262	2.3633082328340076
156	286	4.240794330344141
156	289	1.6410988363826908
156	291	1.7174440892537188
156	311	1.629664739027334
156	321	1.383282538136618
156	340	0.7796354335566388
156	358	1.5102172879913112
156	380	1.5440583626855415
157	163	1.3786702848045846
157	258	2.2965000617925275
157	265	2.464827343474437
157	314	2.146601186561393
157	370	3.500445959446208
157	378	1.9997251672485268
157	404	1.5823470377002244
158	282	2.2680873841046685
158	353	1.3070809938800796
158	359	2.4102035014253387
158	382	1.954273886851353
158	394	1.4453481410324773
159	280	3.1791317985107415
159	394	1.2838714273802316
160	194	1.9139651677144816
160	272	2.6712821013584813
160	368	2.417145152188428
160	386	3.9589135700793885
160	392	4.411883645553581
160	414	1.997659387935566
160	426	1.4565451675017882
160	434	2.4064274264832024
161	197	1.6438161171704235
161	294	1.3412155876021017
162	236	2.0025896243451426
162	244	2.4855690488978346
162	294	1.757579543311532
162	366	1.9157026719268253
162	370	1.896015058452495
163	247	1.6567747241859512
163	290	1.8999720976477354
163	334	2.336585728567436
163	345	1.7525155814136415
163	404	1.932192620811179
164	180	2.4257896274867865
164	195	1.276319005103377
164	253	4.237302364105649
164	271	1.4927606207778097
164	310	1.6011031944010425
164	335	0.8099378472785141
164	379	2.0589671672205894
165	248	1.8185285380556024
165	277	1.6380069702276114
165	282	1.37142591049783
165	283	1.8303731271806902
165	285	2.0299275805920143
165	300	0.6146762302480204
165	426	1.5989474139974353
165	435	1.382259920648923
166	182	1.7617943263557998
166	206	1.4647542117623917
166	267	2.2592091649772756
166	390	2.1865019314745844
166	406	1.7985574775607693
166	410	1.6949147757518994
166	418	1.6051936897464323
167	169	1.74239749272243
167	187	2.2189816737864985
167	252	2.43191788960568
167	314	1.8090732724655476
167	395	1.883578431182186
167	412	2.0570252307931494
167	443	3.646864401885267
168	320	1.9988013904048016
168	331	1.8695287174308097
168	368	4.110238860480979
168	374	3.9792118669806475
168	383	2.383479565890547
168	386	2.0457292204631763
168	407	1.4828613224438252
168	410	1.561029503155552
168	434	2.1679186449031507
169	179	2.7001083369320487
169	246	2.065086811080386
169	312	1.3039294836816446
169	413	1.7817958088514279
169	443	1.9250864515000417
170	187	1.7539183823223599
170	201	1.7453599826954451
170	301	1.3294165768593265
170	331	1.890871539928297
170	401	2.0232873892096657
171	203	1.8107006460486503
171	225	1.2313382802217334
171	287	2.376972043506534
171	290	1.8937298671068659
171	291	1.8733403847279249
171	326	2.2256239589367173
171	340	2.0861180412659497
171	380	1.5369235176192833
172	184	2.4197619065263876
172	193	1.2486795636790204
172	340	2.4851761502165077
172	343	1.803499044153373
172	389	1.5820492228269192
172	393	1.651074323150105
172	427	1.5637790436130445
173	181	1.6674828891734317
173	201	2.4619633535154644
173	211	3.393914480489012
173	212	2.0678070605365413
173	260	1.8946651041281164
173	273	2.1077198755733533
173	300	1.8163736728559876
173	315	2.3957837351072504
173	318	1.9602709055290464
173	349	1.346577003963935
173	399	2.2569183910614985
173	411	1.3810434821515765
174	200	2.3579891229132386
174	275	2.400369467318246
174	311	1.3490471728789852
174	398	1.7746245238572664
174	406	1.652914870364771
175	191	1.3749928733811378
175	195	2.465587749170729
175	341	2.2314535966991778
175	446	1.3490051550367341
176	179	3.784536410624499
176	191	1.543933837335665
176	235	1.6880031555563058
176	293	2.40763842262363
176	310	2.3819704973791085
176	344	1.6002590615027326
176	432	2.288776800821772
177	254	2.9423708083721456
177	322	1.3431486091030675
177	331	1.8468746192270133
177	336	1.3414685119140493
177	392	2.3607617930332596
177	426	1.7774993677008288
177	434	3.928607037685777
177	437	1.6859011524531362
178	179	2.359619464055558
178	271	1.4322660969169283
178	293	2.476812310765246
178	311	1.358712167691652
178	317	1.6732483657523898
178	410	1.5192770695955062
178	417	1.3110206273218623
179	208	1.3136322938516305
179	224	1.7834797749751456
179	235	2.299199357784879
179	246	4.206526294519495
179	273	0.7184896347015615
179	309	2.1019450683467196
179	381	1.7118734821488424
179	430	2.161001764847869
180	238	1.4486715515005775
180	274	2.481093285499955
180	354	3.6794217766946518
180	423	1.440897661467445
181	207	1.7641793048134682
181	260	1.9511313165699824
181	326	2.1759370514746452
181	398	2.2294179653913178
181	438	2.326267626815234
182	222	1.223008098632875
182	311	1.9497053010734668
183	242	1.485186580394934
183	291	2.304622710551441
183	308	2.2225006500008626
183	349	1.5995985936125572
183	399	2.242254866733761
183	409	1.8640328863103623
184	239	2.0656872555329517
184	244	2.0620065576481075
184	316	2.060031486600411
184	366	2.335089533377043
185	292	2.0485201499087937
185	323	2.164105247253237
185	341	2.2733162963808127
185	364	1.3423709711007141
185	366	1.405203937446902
185	416	2.4018530236621434
186	205	2.2530436320790685
186	207	4.129784057376895
186	212	2.334356349137204
186	269	2.4696823769065306
186	286	2.2043041835856227
186	308	2.4342647084395557
186	349	1.7327406775213654
186	440	1.4446808747710889
187	210	1.373946829232523
187	232	2.2335866229015147
187	259	1.7401444591977164
187	317	1.6748554402966924
187	445	1.517550106036189
188	215	1.4565784202474985
188	261	1.700523214865465
188	266	1.729623488722882
188	304	1.811828224767301
188	317	2.3469181492161955
188	361	1.2568058959203223
188	423	2.0293373547543556
188	429	1.7469040920754662
189	209	2.463663476601415
189	213	2.0249846755061522
189	234	3.726383201212781
189	238	2.8519953503441227
189	369	3.473549115337738
189	376	1.5620525091405013
189	377	2.1702262123571323
189	388	1.995403820820199
189	405	2.0919967319944677
190	277	1.5368435545704633
190	299	3.169243535674032
190	411	1.8739245338182213
191	192	1.3907528559820794
191	231	0.23585667148225442
191	357	1.467359762048062
191	430	1.5748399186294115
191	441	3.751439105345699
192	219	1.4782242553408185
192	224	2.2831706253584927
192	230	1.711010240440269
192	305	2.3279766572456406
192	312	1.9741389660326139
192	323	2.2171815063313094
193	217	1.5104682076196703
193	277	1.8014600304163446
193	294	4.324011077460238
193	298	1.9306530019373458
193	316	3.256324644747483
193	366	2.3898159587842187
193	402	1.5257084570900072
194	220	1.974998771686771
194	244	1.6356695058676283
194	270	3.8279291637915525
194	329	1.9991368888421572
194	340	2.0589424993733774
194	383	1.4686768934987584
194	386	4.140264379992604
195	239	2.23792404431053
195	243	3.6978981213659776
195	255	0.3986406816935354
195	347	2.0078654342421327
195	448	1.5479605398007432
196	266	2.0413649098269495
196	315	2.4398842058980144
196	336	1.2708488405032918
196	344	1.3264308043994162
196	379	1.2777821359997539
197	210	1.8052283804259326
197	213	2.066013642000754
197	221	1.9818416947916102
197	240	2.135426054919474
197	292	1.5763706958239443
197	301	1.6876266273253728
197	307	1.8464353689193507
197	327	3.5755217778932984
197	352	1.799463549949716
197	429	3.568361580743692
197	445	3.788264379844651
198	205	2.0344647415035584
198	286	1.6373071942029105
198	287	1.2625796991592582
198	289	2.3248617070682265
199	207	1.5153839784843868
199	212	2.2869389855904596
199	242	1.9409831173465295
199	291	4.17211768849093
199	296	1.6094724858159688
199	350	1.869706600280885
199	408	1.4329855705465782
199	438	1.5751370302573693
199	440	8.564168719375022
200	206	1.6045627173604362
200	304	1.8239945104388722
201	307	1.671315236332645
202	249	2.0386162429889856
202	317	2.303527149724135
202	322	2.0952784626833023
203	216	1.9587177277541443
203	244	1.3823623155246751
203	249	1.5694658822119116
203	316	1.2681969476662411
203	331	1.815050637544868
203	370	7.969158590811534
203	389	2.123031737811824
204	343	1.5281472746896556
204	365	1.9395148434680243
204	413	2.14267268552982
204	416	2.0214692946435884
204	428	1.649528110084447
204	441	2.4163611761040436
205	207	2.40487375411291
205	272	1.796592620415788
205	290	1.8851112949143265
205	326	3.619938767041761
205	340	2.4302913508980626
205	399	2.1294348758305324
205	403	1.751223182356991
205	411	1.7822709722268115
206	231	2.2884014281993155
206	237	2.363867973061348
206	259	1.425700110928833
206	348	2.4059864605740264
206	413	2.0278163139788017
206	416	5.627062017616712
207	212	2.296524322119561
207	242	2.1927706471635537
207	291	2.4521642001626933
207	408	2.318649677173468
207	429	1.5631296948690516
207	438	2.3230771406009465
208	229	2.2086039046773465
208	231	2.3759006353776506
208	273	2.108184849893249
208	310	2.0920275692103987
208	318	1.918806689607325
208	441	2.1372920292239117
209	333	1.382123588562892
209	391	2.0025350179408834
209	400	2.304786550829907
211	241	1.852727658521883
211	287	1.8634688700148696
211	308	2.3352178265248638
211	340	3.0385914461000487
211	399	1.4012851331763605
211	440	2.190260268982107
212	229	1.2112123200944738
212	308	1.256987552408216
212	349	1.2943480471368352
212	399	1.3915388342481025
212	403	4.370646770185046
213	274	1.5613641375597274
213	307	2.4749458896196463
213	401	0.6932058197478513
214	333	2.359062331024232
214	343	2.0858905136151535
214	351	1.4292476806941092
214	377	1.3280521956807116
214	444	1.7934252639244321
215	259	2.1773975564223775
215	292	1.9661599463131947
215	303	1.2594942493244177
215	338	1.3129667003340741
216	236	1.772403635079153
216	303	2.37709614682453
216	325	2.3248747589343552
216	351	1.3932695709960439
216	366	1.923647105547906
217	249	1.3147522103564089
217	281	5.413342282512288
217	294	2.161620561391563
217	358	1.4226893767140971
218	333	1.2149776602095905
218	360	1.2872054858617596
218	367	2.259374096881637
218	376	4.327645254143132
218	377	2.404870657994206
218	388	2.2401333612470724
218	405	3.7804678124672053
218	424	1.9207352388466337
218	433	1.7069715484062578
219	323	3.791823433323998
219	333	2.3069945122146334
219	439	1.8150457132527822
220	270	1.580071020556109
220	311	2.0201927554767924
220	383	3.419265650163041
221	352	2.097546631228733
221	423	1.8732700110906646
221	443	1.7940611218665565
222	240	2.096280326777793
222	361	1.6906316279000628
222	390	2.467143020298095
222	418	2.232876678769605
222	428	1.389772893538587
223	277	1.314577087679693
224	256	2.4726619036334365
224	302	2.023554486104768
224	306	1.2822252711727622
224	314	2.469894144531333
224	378	2.1464564563599793
224	404	1.5758318533248235
224	410	1.8156829673118762
224	424	1.584511579659622
225	262	0.4275435223198887
226	230	4.180308778277023
226	313	2.433026990255672
226	314	1.5334881624262824
226	334	1.2469377587882933
226	342	1.3974549313276086
226	378	2.0997853175324446
226	395	2.4661876840195616
226	404	1.4380960816643056
226	435	1.5972340435854515
227	288	2.071464146346754
227	377	2.0368039896452754
227	405	1.4574788174247768
227	421	1.7501250204572796
228	248	2.2300833072524613
228	272	2.20871882867091
228	277	1.8979466624207393
228	278	2.4522478982198024
228	313	2.1921237151862103
228	353	2.4104131246907423
228	394	1.351856267265551
228	442	5.728264151203126
229	289	0.6757302483175085
229	320	1.3313197183587178
229	438	1.749603900901184
230	240	1.5824052561561623
230	256	1.393763788062587
230	334	0.41164392741063005
230	342	1.652274296794768
230	378	2.26645929962501
230	420	2.334211532132719
230	424	2.2768530082383474
231	235	2.4002763918275454
231	266	1.849207346337896
231	334	1.240396398706872
231	441	2.2424244984394215
232	261	3.7134768104986087
232	302	1.4498430081767517
233	242	2.4803948114665255
233	264	2.189924256210446
233	272	1.7800735146784814
233	322	2.18221245084523
233	328	1.3440314557657926
233	338	1.9258195962457734
233	386	1.2858745157483682
234	251	2.15708710077543
234	257	1.3663052930167419
234	288	2.2566416719670768
234	333	1.4616380762247965
234	377	3.335833390355159
235	242	1.5473350523607694
235	309	1.367006954173081
235	361	2.1059430109940154
236	258	2.3862980721114972
236	366	4.080956011455651
236	386	2.2004778417147186
236	427	1.5437774862418112
237	263	1.680559030644761
237	298	2.2293427256602434
237	311	2.129024493991479
237	321	2.1351400715990287
237	337	1.3187260718185474
237	385	1.6299212948165123
237	428	1.716998785577234
238	360	2.198343867472097
238	414	1.7657259514712078
238	442	2.002110210076949
239	243	1.894486871185146
239	379	2.3966703458407435
239	446	1.9024183581226977
240	261	2.1969881840863374
240	327	0.7268611721053317
240	449	2.3905439604054637
241	340	1.5820463611853177
241	399	2.281266489075352
242	340	2.4427139863954626
242	399	2.239834799655947
242	411	1.7208818311706997
242	438	0.7305844622702274
243	270	1.220809526835754
243	271	1.4206243748901044
243	366	1.7440111785267916
243	379	2.8839754561317985
244	249	1.9541837254735288
244	253	1.917892559013588
244	303	1.5808954253300573
244	431	3.4993209814924695
245	250	1.3424576177656267
245	309	1.5837841315413255
246	309	3.3921266799849894
246	334	2.300903731044059
246	430	1.663371745710572
247	255	1.329072900324723
247	313	1.5984279953739349
247	345	1.983356422959534
247	395	0.14834105602746228
248	285	1.4615852623980494
248	359	1.9517553548961972
248	363	3.7202723268876214
248	375	2.2693618821265487
248	436	1.6100579613965273
249	366	1.4933062111112714
249	393	6.579179720008843
249	402	1.2983693767650117
249	427	2.457973765687635
249	438	2.1177776223708342
250	344	2.2850745711647034
250	446	1.6942441572961795
251	263	1.162616829879952
251	271	1.6850278956225
251	385	2.2941407221235104
251	421	2.2688718269114028
252	328	1.2406196748473908
252	329	2.401222219590448
252	339	1.2136145692850802
252	346	1.2124893370170524
252	412	1.425397475218546
252	424	3.6420405925183608
252	443	1.2605727907255384
253	319	2.1745392646192743
253	367	2.43426059252564
253	446	1.424616098334299
254	263	1.302078525075682
254	312	2.266225383216365
254	323	2.308035521952541
254	372	1.4742016470084454
255	283	2.4654144828119464
255	353	2.4979519533482932
255	363	1.2390909605907519
255	387	1.603243515838744
256	290	4.845702590525816
256	321	2.3477525111809445
256	339	1.393805643491341
256	378	1.8656231748136263
256	424	2.172543237229309
257	267	2.4657603840814666
257	337	2.150327137847217
257	385	1.6273645267056207
257	406	3.747226365662126
258	294	2.291179541466863
258	316	1.9086503039345861
258	334	2.004604522952839
258	343	2.4154369112963976
258	427	2.3797416648890057
259	371	3.9528507688991805
259	413	1.6943544254968743
260	279	2.0219232632378334
260	289	1.2670948369415949
260	326	1.438179800790845
261	401	3.7000596532102192
262	279	4.194384084138081
262	289	1.291002902764543
262	403	2.064644047880605
263	333	1.6019896161609106
263	400	1.3249814779889764
263	436	1.5749231844484144
264	303	1.5473240503925918
264	329	1.4421598744601647
264	349	2.4519812728474415
264	434	1.5867935391259567
266	273	1.454225211125155
266	274	1.5869239464205915
266	293	1.507635784630917
266	319	1.5528600748415609
266	415	1.2131972951531453
267	371	1.303325732186213
267	373	1.7156663717224945
267	418	2.220733231933033
268	320	2.2678170660501533
268	358	1.776591840416261
268	393	3.8781878524700293
268	412	2.22527085486373
268	436	2.221218952940845
269	280	2.094815343543407
269	307	2.334575212206055
269	356	1.2261452594778817
269	363	2.4435633685841887
269	382	2.3403250072131847
269	387	2.179171854000467
269	397	2.112058059976137
269	447	1.2868566315403307
270	317	1.7091422672840877
270	320	1.5675799543974362
270	331	1.8438046737057472
270	410	1.719749316372713
270	426	1.519579076675886
270	434	1.7485406600903124
270	448	1.479396564992922
271	309	1.3674047695610516
271	331	3.1288756774837
271	335	1.833459400409632
271	354	1.3137190276840969
271	357	1.745248174733522
271	381	1.7086143970598582
272	284	2.1001115896550315
272	317	2.2344066282427812
272	368	3.7426257592628573
272	392	3.4614710860297464
273	285	1.5788706224318185
274	307	1.8278995592443046
274	385	2.3378484867725997
274	423	1.498358152416612
274	429	3.7278771406802473
275	297	3.993907108580501
275	323	1.6931140833613745
275	362	2.3555354630058662
275	389	2.393803572931013
276	316	1.2636000575654711
276	341	1.5566009257752853
276	413	2.4479741336781373
277	282	2.2366243069190084
277	283	2.084642525239936
277	394	2.219812756228591
278	282	2.128802856976367
278	283	1.491376600964739
278	359	4.0005417967597685
278	363	1.8760366312734025
278	372	1.2135903259684444
278	387	1.3318609089089801
278	398	1.6600174002230987
279	308	2.074361929626426
279	349	1.247321661368844
279	399	1.8240273473764983
279	408	1.6668438215358503
279	411	3.7672777743129497
280	299	2.1933565662297134
280	382	1.6760569771555154
281	370	2.1591970760786503
281	427	2.0589610343808884
282	283	2.1250363473609637
282	382	1.7786263371678066
282	387	1.387079599025479
283	324	1.2373349431976706
283	353	1.547990887719895
283	355	2.4841937608227083
283	394	2.0952415006425076
283	443	1.4308413452957474
284	308	1.278012497552341
284	329	3.1625730511453525
284	336	2.3017933240283694
284	386	2.453120887038475
284	422	2.1557937856886387
285	353	1.8877524052367214
285	355	1.1074465288652922
285	358	1.5477682592743731
285	375	1.51913295286711
285	397	0.11217467776183118
285	442	2.0681504293795063
286	349	2.1583223571767713
286	380	2.3247159196737854
286	409	1.876105645484262
287	289	3.67529123729899
287	412	1.6541688132781083
287	440	1.4106587313248562
288	333	1.9756721874952352
288	414	4.709769023851177
288	444	2.405810324659339
289	291	1.9320985605826477
289	296	1.8114550185018476
289	440	3.2630888568291123
290	314	2.0638072991569447
290	339	1.6569511961768457
290	342	2.3801775775472516
290	345	2.1722954750102073
290	424	2.1786907064607677
291	296	1.853681614183317
291	350	2.9625366432486
291	425	2.3114800928879466
291	438	1.970833681703113
292	304	1.9006968562186066
292	307	1.6669519381129039
292	354	1.4154362649278676
292	423	1.4642597374155566
292	445	2.159270211316213
293	309	2.4193231457362137
293	379	2.2855672992720284
293	381	3.662511882594332
294	303	3.1281854639202304
294	393	3.1775453455749765
295	297	0.24772376586537923
295	323	2.369481479101311
295	351	1.2307622041501305
295	373	1.6116327689471663
295	420	1.6748179094713065
296	340	4.348105064075308
296	386	1.9632967561092158
296	399	2.152450801109677
296	408	1.3789289241423104
297	373	1.414558139789554
298	355	0.7275874696106197
298	385	1.9129980922833658
299	355	2.0157662210704954
300	303	1.6595989704415852
300	365	1.8986109080134979
300	390	1.9137991016237135
300	406	1.534154681969211
301	307	1.73408959313102
301	317	1.9440948339995034
301	400	1.333210929625705
301	423	2.005206986197401
301	425	2.7846614053123964
301	429	1.7475644221832853
302	313	1.3958494873679783
302	314	2.3551410428649744
302	328	1.7990874300001052
302	342	1.6084746882058114
302	404	2.191530678256511
302	435	2.092470834970298
303	402	1.8961383382804828
303	431	1.6289634062657206
305	323	2.0058093859816726
305	325	0.2850095882092849
305	436	2.1349291215441646
306	314	2.3185918814842728
306	342	2.167257839130449
307	317	2.45232373484082
308	434	2.0185114519358964
308	438	1.7858753731682853
309	319	1.8778509327324446
309	417	2.1303723540729576
310	342	1.445593797227266
310	364	1.771868671857349
310	430	2.125385848860339
311	313	2.1828583679748004
311	365	2.3606799683139874
311	390	2.4306787608920093
311	418	1.5882483898646604
312	411	1.4765926115344463
312	439	1.376773457845594
312	447	1.5567468595804947
313	334	3.0392270739076923
313	342	3.6472757768991886
314	334	1.6645165801397546
314	378	2.3230831182698983
315	347	1.7231305400498544
315	441	1.2518849395677212
316	427	2.4616545543475947
316	429	2.3075308794381533
317	354	1.9980736908472332
317	448	1.2806816922883715
317	449	1.4216298964824639
318	333	2.22703642099371
318	388	1.3019876105416386
318	391	1.621358279586385
318	414	1.3028477067774615
318	444	4.072049200699258
320	338	1.7024213038034373
320	383	2.1954770200068854
321	361	4.152340628114754
322	383	5.508493534678185
322	386	1.3082208322572728
322	422	2.1102818500069827
323	324	1.792929080705926
323	331	1.3670606082977221
323	373	2.2808306443045354
324	362	1.9048504469799459
324	364	1.9571927916582788
324	382	1.2907443861710513
324	436	1.2867383206169662
325	341	1.9429984743179984
325	385	2.2523285818247274
325	432	2.2986041444639502
326	349	1.5704099074189475
326	350	2.222384739307649
326	398	2.483650162099078
327	354	3.929390825456186
328	334	2.467398003911294
328	359	1.2677804403979298
328	412	1.724741272496362
328	424	3.336498861608135
329	374	1.5476476134649613
330	341	2.103244234239652
330	416	1.2473679146363674
331	394	1.8139421929159563
331	434	1.918830413830988
331	435	1.2938912696567657
332	378	2.4435286712425675
332	412	1.4837031243006955
333	376	1.521945039926054
333	421	2.421717347078097
333	444	1.7908403384379936
334	384	2.2367776178390515
335	379	1.5732066719194804
335	381	1.9330155695404658
335	444	1.2207453168834064
336	372	2.004699480551327
336	386	2.273701157511681
336	422	3.6985366753540454
336	437	2.3364141407536216
337	385	1.4288516127476396
337	396	1.384614946411424
337	416	1.379025208186112
337	428	2.152443381311447
338	374	0.2909834952430814
338	383	1.672172794267087
338	392	1.2357495029048822
338	438	1.859237583772066
339	404	2.3356777391463623
339	412	1.20139499873415
339	435	1.5242463070729833
340	380	1.5752457408778724
340	440	1.83981838677269
341	361	2.034942276566752
341	371	2.116259218133169
341	418	2.261679621139824
342	386	2.1095928568495417
342	395	2.0589293335811556
344	360	1.8186853189162755
344	446	2.34790713956121
345	395	2.279499684986647
345	399	0.28673834636018963
345	414	1.6850664758639124
345	443	1.5413936356288005
346	395	1.7925072639273192
346	412	3.3375682023
346	435	1.7078311685813312
349	396	1.3054278186678272
349	398	1.7811701763641952
349	399	1.5799788378407065
349	432	1.8063290587950107
349	440	1.5209235696242704
350	398	1.4812770722863382
350	408	2.3835640481471163
351	360	1.2054208871264869
351	377	1.316430800626331
351	405	2.0119369478104665
351	422	1.556671723851947
351	433	4.761286490570572
351	448	2.3346402437624105
353	387	1.333209555107493
353	423	1.340972857335404
354	429	1.3776507638420428
355	363	3.1900137973601446
355	375	1.244109698999851
355	382	2.357580158234933
355	383	2.491376758445999
355	387	1.767191506416053
355	391	1.4638967673761965
355	397	1.9688160228581788
356	397	1.3321751441503886
357	415	4.6002216690096684
358	389	2.379505202379669
358	402	2.0038205480706868
359	363	2.1039596727408987
359	382	1.6256002358027928
359	394	1.858614522065547
359	420	1.5197805560259015
360	405	1.3383012232758627
360	433	2.4078794807169093
360	437	1.700286641162861
360	444	1.6826389489986184
361	365	2.737525312293758
361	371	2.112326143246798
361	396	2.118683096774577
362	372	2.1848626317143562
362	420	4.119645505709011
363	375	1.8548549722252692
363	379	1.2986200864016348
366	370	5.821371788415511
366	389	0.6063167237906752
366	393	2.3626112146993945
366	400	1.8950307230938233
366	427	2.5596574706219193
367	405	2.273250015772418
367	444	1.3385927577883345
368	386	2.2126996785198463
368	422	2.7153424220060534
368	447	1.5575055179566675
369	376	2.359595507389729
369	421	2.0944198317284184
369	444	2.166454858586499
371	385	1.8308960408849329
371	390	4.182312331336488
371	416	1.4962779335908802
371	419	1.7754648077582038
372	373	1.2446760695126255
372	420	1.5587296381435576
372	425	0.2589674538892678
373	420	1.3318535059037957
374	422	1.5736139589265352
374	434	1.88903763123127
374	447	1.9592518800280887
375	387	2.0729926184945304
375	397	3.590714474097803
376	405	2.4030160954144413
376	414	1.7264797391633309
376	433	2.0062622173943034
377	433	1.8815106864645332
378	412	2.007004792343751
378	428	1.543495033410698
378	435	1.4047789753834774
380	403	1.7296846124526235
380	415	1.7648650989053811
383	386	1.5673850862648395
383	422	1.7078458368088962
383	426	3.602108653382788
384	388	1.5503637966681423
384	414	3.239475208474485
384	433	1.2801516221906122
384	444	1.687019374842876
385	406	1.294978498061289
385	413	1.5709973738841552
387	394	1.9189604857974536
388	391	2.0674572345547357
388	400	1.3006210466160129
389	427	2.1668724025432935
390	396	1.1486567248446569
390	410	1.390092182326848
390	416	1.4807380844849987
391	414	1.9100096989120854
391	433	2.15824311853756
392	407	4.252026901925882
392	434	3.4547298395356467
393	402	4.265301143163191
394	442	1.3736965122606246
395	412	0.6403305449155331
395	435	4.435377114174138
398	440	1.9371152872565502
399	411	1.4071368194285987
400	434	1.7561114949512104
401	436	2.106194104111229
402	431	1.747299413915091
410	437	2.478022956724766
411	439	1.565858927622802
413	419	1.3247640736990387
417	446	1.467357356491054
419	428	1.5785982985783198
421	448	2.484018342754675
422	426	1.952849602160714
422	447	3.724601569649427
423	449	3.5829758011427315
424	435	2.3104813098532553
425	429	1.506117383193796
426	434	1.2628051962563984
430	441	2.4302364413219006
434	437	3.0326736014985696
434	447	1.791050601296289
438	440	2.092473710978357
