33	35	2.3530720368223847
28	38	1.4822210780416616
8	46	2.473096493327656
10	59	1.2755454804700184
2	60	1.3209537767317285
45	61	1.7138601589389082
21	62	2.260174005860517
11	76	1.21113052484451
85	90	2.269442905725459
8	94	2.193045804030641
109	117	6.191154407544312
31	128	2.3715798724206874
74	129	1.3519659531452006
19	130	2.1398227980492166
83	132	2.224766109189839
106	145	1.7354589620261813
119	145	1.9784089055690575
142	145	2.809116911915728
67	151	2.387441957129439
70	152	2.2670145135929287
14	162	2.111042630589405
54	165	1.355937820954947
35	167	1.4044669087152752
111	167	1.2164020777250517
102	170	1.615555932165262
48	173	1.981885969464634
34	175	1.8901666806891844
126	176	1.4354554536480872
7	177	2.0746479788248653
69	178	1.4052646794658628
169	179	1.293549005066733
34	180	1.373340899187841
126	184	1.2181863697469142
12	189	2.238262816828749
38	189	1.661011238033354
46	192	1.6163453195729958
7	194	1.3876489803846999
52	198	2.3746200997900657
24	201	1.8889580094523861
139	203	1.885048862656252
147	205	1.7362025488702497
149	209	1.701809859147861
50	210	2.3400022685294632
173	211	1.4788536878867264
114	212	1.7302114193704778
29	213	1.3297345248350425
4	214	1.65335566264287
77	215	4.237214417058812
134	215	2.030400202959916
144	219	1.3305835654755578
194	220	1.9777850832195516
15	223	1.5887420878209588
178	224	1.2549502582928356
98	229	2.188309981948693
181	229	2.4394806906435873
191	231	1.5843307014553232
43	234	1.8083654055275262
189	234	1.2410366485069575
10	237	2.034964161438517
78	237	2.2752876336868035
24	238	1.6777550031882467
38	242	1.2739744458261764
179	246	2.273787625896329
136	248	1.8539481899175527
65	250	1.4717504420479233
28	251	1.233651633382895
127	251	1.6718755659950217
74	252	2.11223156599219
35	253	1.6755678489279668
177	254	1.3404426967982288
107	255	2.6225449815107207
195	255	1.2671349485198562
57	258	2.043588176997347
74	259	1.7452185995547074
232	261	2.234244006455275
20	262	2.0517462528469887
225	262	1.2731936171949572
251	263	1.5194120791113268
21	266	1.4781108179912796
31	269	1.670913789110473
127	270	2.0393165271711657
142	271	1.8077174640605027
164	271	1.980454567116991
179	273	2.8051443033470314
66	274	1.6557683681406226
229	279	1.2056902819974786
262	279	1.784495371218453
107	280	2.3774357480188586
8	281	1.395046433470644
31	283	1.9541477218153742
32	285	1.862166756740641
20	289	3.9692377523223814
48	289	2.1443585868931847
229	289	1.424219338034734
25	291	2.187415687411245
63	294	2.8926777592761743
25	296	1.717623809871996
79	297	2.1639249343472184
295	297	2.256619127304191
165	300	1.5459596252978949
51	302	1.3074402826621312
294	303	1.7949847075647476
131	304	2.2686358774193334
135	305	1.5878561684236676
10	306	1.7222925567897858
102	307	1.3282265328274834
261	307	1.5882670323601547
199	308	5.940572210456907
115	310	2.232208607383738
55	313	1.9121734135628992
65	315	2.0804624256831996
96	322	2.408976386002654
219	323	2.2222423204300155
115	324	2.250675882357079
204	325	1.3102289487852263
305	325	2.4971181944831367
240	327	2.2172793195096663
18	328	1.243402677113351
133	329	2.4926795832714452
160	329	1.6906086656229697
320	331	1.5451678635598078
230	334	1.8728700405240148
164	335	1.944134816030052
96	336	2.371938589097963
59	337	1.7620214022328873
235	338	1.3879654039366822
156	340	1.415956822266515
226	342	3.1659163658395455
54	351	1.7749597192852375
318	351	1.7231511606179772
197	352	1.8711226314323668
285	355	1.5540146615340333
298	355	1.6738280691771337
122	357	1.281022659355356
4	360	2.0933670368655264
96	360	1.9273712080957495
140	362	1.3860235825001692
56	364	1.4572013870304705
42	365	1.696170737832826
361	365	1.281683102936339
162	366	2.0804184382711637
236	366	2.1397315544007123
67	370	2.440186590006459
157	370	2.1258038514631563
203	370	6.098141534831285
343	370	3.9727946520869777
259	371	2.3889517552574047
338	374	1.4584381557832424
43	376	1.7812124740561202
265	376	1.894135538175696
29	377	2.1673255987751663
179	381	2.2752345485669134
293	381	1.8794846338533842
100	382	1.3576429009373858
220	383	1.2723945899562001
227	384	1.3191983868640946
54	387	2.2355389233433893
189	388	2.0641208571183016
234	388	1.416451788299794
288	388	2.1549219963411836
366	389	4.016346881976222
298	390	1.9169728773125199
116	391	2.308276824735157
7	392	2.334899056770185
14	393	2.0375933399158743
132	393	1.2580823124455107
189	393	1.4639421582553989
247	395	2.020667800340708
390	396	2.049207596062255
15	397	1.412599815848554
285	397	1.4556188156348904
212	399	2.0543821001493194
345	399	1.297809248456251
86	400	1.8014809492691475
34	401	2.0353894933683425
213	401	1.7449024735175822
261	401	2.023002724849146
162	402	2.1777565840360493
109	403	1.8996098464560602
218	405	1.5454236601954365
371	406	1.8145544876090098
20	411	2.3838525603262086
278	411	1.8662109003352527
395	412	2.3905112725783235
28	414	1.3019943313913946
381	417	1.8976094724341777
95	418	2.374539448107509
28	419	1.8888877941269233
297	420	1.7131981459587906
84	422	2.082189059790689
56	423	1.3713848688366714
66	423	1.6272164844194452
154	423	1.6969141142938826
91	424	1.9087254325986898
221	425	1.8109385719183206
372	425	1.7485413975439816
331	426	1.4605015701615331
383	426	1.5406526086816559
45	428	2.4157076389939602
76	428	3.642930845234222
222	428	1.6798726174343872
274	429	1.526567438756599
119	430	1.9061293665118622
244	431	1.595253510087371
60	432	1.9630228657397606
88	432	2.3945684967651877
2	433	1.6177961529944325
18	435	1.8463660706829943
434	437	1.4787398706647878
25	438	1.868737230947802
173	438	1.2670251237676338
242	438	2.4148553190547286
199	440	6.692164618804618
289	440	1.8767430618762555
266	441	2.2332977690557305
228	442	4.044943338978636
105	443	1.3657737005463961
378	443	2.070581844005811
318	444	2.3797265851411247
103	450	1.6470414894020067
165	450	2.4719474497516236
310	450	1.594520172966517
353	450	1.409529876157271
382	450	1.8715121544941309
387	450	1.9921654081551616
36	451	1.5451626534730103
57	451	1.5173369673206445
132	451	1.8201390180747024
162	451	1.8965667126866521
188	451	1.3985047899060026
193	451	1.9316359034806854
235	451	2.03630822889316
249	451	1.4378889385762357
258	451	1.6884656677207242
268	451	1.7987390533860204
305	451	2.3179608888041905
393	451	2.3653937735031354
160	452	6.313552905140089
220	452	2.2022831007508157
270	452	1.9726009545914511
272	452	1.2647381024147244
320	452	1.311486937736374
322	452	2.374625537290887
329	452	1.206961836564164
338	452	1.558158862942298
426	452	2.293961016264573
427	452	1.340943082705456
11	453	1.6446888430783493
42	453	2.037248395967822
68	453	1.5556047840623688
73	453	1.4772606121451937
82	453	1.5136093415079674
88	453	1.6451358058452668
337	453	4.072094607408955
359	453	1.4220564874524266
423	453	2.2241202437247747
47	454	1.8204186145160963
74	454	1.6557034940099398
115	454	2.4070039790793256
129	454	1.298269973758908
140	454	4.507396914439841
275	454	1.4094374486172683
312	454	4.023126332457215
364	454	1.5625604574103384
434	454	2.056694508958784
45	455	2.0643726948186925
66	455	1.6520861652544168
102	455	1.7728335647956954
123	455	2.1788495979834153
144	455	2.4683268806498555
154	455	1.4984877958858331
187	455	2.1372857949969264
237	455	1.599039349750644
240	455	3.9223800737549714
304	455	1.3953010029742134
307	455	3.6978989032367693
317	455	6.643569817349533
338	455	1.245810219453106
1	456	1.7622289957357355
68	456	2.010709241152951
88	456	1.2985705725047647
89	456	2.4115897690957406
166	456	1.574127680481936
337	456	2.4732410031744374
365	456	1.2755804470255316
385	456	1.6117483931579637
396	456	1.6121178458295655
400	456	1.4887552353562334
448	456	2.0981646984887696
37	457	1.899383878924215
45	457	2.1464438361108997
83	457	1.9861819249853843
172	457	1.2778673963418976
217	457	2.081587919646817
302	457	2.4948758302550407
343	457	1.8204398027567685
346	457	2.2634156447834393
370	457	2.3958784307927887
52	458	1.3524858358841592
64	458	1.3549800236826492
65	458	1.5157624139197303
69	458	1.5152209740710352
97	458	2.2029592192759164
119	458	2.103255567863158
145	458	1.8182191376430523
179	458	1.739957264719755
267	458	1.6889455655386296
309	458	2.2661315103292896
423	458	2.3898076744868653
98	459	1.6448942842065155
116	459	1.8468659310316373
238	459	1.2950901556824919
246	459	1.6800273390471943
251	459	2.3858803469777854
280	459	2.0522378595805346
406	459	1.5136291931823558
444	459	2.1449880085663415
448	459	1.8189584202047797
2	460	2.07025270643786
3	460	2.482249001978258
63	460	2.217569263516669
89	460	2.2618145785070363
367	460	1.8747952031445436
369	460	1.8239006561279396
400	460	1.518244654046381
432	460	2.242778585450526
433	460	1.5097140603196486
449	460	2.4632020638003835
458	460	1.7735386821238928
78	461	1.2114049864539116
120	461	3.136616202574329
182	461	1.2867583120197785
204	461	1.3647528744743969
241	461	2.482434436065338
259	461	1.7061648512630403
300	461	3.8656644026618157
365	461	2.229830774211569
385	461	1.4638828725509863
406	461	1.3455560430490805
413	461	1.486267331979461
418	461	1.807101821695635
15	462	1.8377739405165037
54	462	4.837908659284155
62	462	1.4849643002663684
136	462	1.8135549940139177
138	462	1.3464780786870063
150	462	1.9465041152326732
159	462	1.8569570334601382
165	462	2.1877077618258265
228	462	2.2462718937193147
356	462	2.4045474645573646
359	462	3.410869692981413
397	462	1.414710195691194
96	463	1.9049213439098942
121	463	1.7531340164823774
192	463	1.514336666351734
225	463	1.7082866366733949
250	463	2.4543695410073036
336	463	3.8932683154635055
386	463	2.332405204036731
392	463	1.2210910417743404
422	463	1.847739268923688
447	463	1.8894307817975928
22	464	1.2834252379601143
220	464	1.7394105285282326
233	464	3.8158947267946255
264	464	4.427387283812539
272	464	1.225683333803242
320	464	2.1633830501621936
374	464	1.6481127438693983
377	464	1.84675943975723
386	464	2.0384944790857333
463	464	2.6867684248737254
50	465	2.416313309452169
72	465	2.111129307609809
98	465	1.7465205122957461
110	465	1.6673203864426955
288	465	2.2964780199287635
351	465	1.7315782989945623
388	465	1.7691258770399716
421	465	2.9912647805122594
21	466	1.4995350316414362
64	466	2.0879787055935757
85	466	1.8403116996840816
90	466	2.213342345135758
106	466	2.493533142691586
117	466	1.2045898735491625
195	466	2.0339870317602697
250	466	1.417801915118234
315	466	1.6664135749912954
347	466	1.5990923790589846
415	466	1.576088680405207
90	467	2.453559435262758
176	467	1.9552163145960928
243	467	1.511442332847909
266	467	1.6218328658613903
271	467	2.2845705826938647
294	467	1.4719451687659986
315	467	1.3484782066180931
381	467	2.0035029227705916
417	467	1.684979066072814
37	468	1.5326953554091562
57	468	1.8240125541663832
193	468	1.646114601150415
236	468	1.2275470287969033
249	468	2.2374748177844106
303	468	1.3745166724174291
402	468	1.5013913979765086
451	468	1.2642937813256736
32	469	1.6685620864062476
93	469	1.7574731000289932
106	469	3.6631054057955454
119	469	2.2775569116094374
142	469	1.7865269746868662
169	469	1.7471513298405177
208	469	2.4726443592252645
239	469	1.9047328786257982
252	469	1.74284444477735
357	469	1.2032363984258996
466	469	1.9998135577104796
75	470	1.6628914113964592
210	470	1.5052465661809153
213	470	1.28992002488333
261	470	1.7886218149726245
429	470	2.474540719692092
445	470	1.4947383301630675
93	471	2.1016108888085583
99	471	2.2454499135853285
190	471	2.314229246742647
223	471	2.3303569493920375
248	471	2.310412753821791
280	471	2.3893855184034836
359	471	1.8775140017459249
375	471	1.24466080720706
450	471	1.2998854509319313
462	471	1.6379671070460702
29	472	1.6270486895865715
80	472	2.331128217509579
104	472	2.84086970492661
134	472	2.021154688134957
215	472	1.38164751164128
265	472	2.3374290665817714
317	472	2.1647406447325643
327	472	2.0733503447130284
422	472	1.6051920948693053
455	472	4.000435103329825
29	473	2.26698886701232
50	473	3.5788082584416916
86	473	1.9162347564828213
170	473	1.991041881706224
221	473	1.538132724795174
232	473	3.5944993921893977
301	473	1.625145005380762
449	473	1.9382541687947312
27	474	1.7874797598889212
68	474	1.4308977933146776
95	474	1.9086590497875675
178	474	1.2565369618430546
182	474	1.3440621322205746
237	474	2.383404709855
253	474	2.364064728287967
255	474	1.9896231799760606
267	474	1.8745379211980617
276	474	1.3705603135988191
337	474	2.000145102738481
361	474	2.451009239561622
398	474	1.6992264379465558
413	474	2.1029703723577526
418	474	2.0526848436643212
428	474	3.3655784341680985
432	474	2.227471067588373
453	474	2.3991923947918896
104	475	1.9755581747233901
123	475	2.4547797595465273
182	475	1.3473700790990522
215	475	1.5991982939083758
232	475	1.2183835935298604
254	475	1.3247158392921294
274	475	2.4414163836702514
301	475	1.6721596189141164
327	475	1.9836581750455298
332	475	2.2170260000997546
352	475	2.127233858239214
358	475	1.578297075125915
429	475	2.025581522604648
445	475	1.9617963547683026
449	475	1.2381513661547436
470	475	1.5735711808158608
473	475	1.396294301700803
43	476	1.9529918136574342
46	476	3.5333535746316955
129	476	1.9331700742967806
161	476	2.3128947135616835
185	476	4.140601942435224
216	476	1.5256571318724883
219	476	1.2791974687273096
229	476	2.135441057212284
277	476	1.6877178300207443
312	476	1.6182307192511856
323	476	1.3156868574283125
402	476	1.8431415206187904
436	476	1.4910957122713764
39	477	1.4622868043382893
134	477	1.4841549897968478
145	477	2.39270524690503
195	477	2.16787620690949
204	477	1.9596712062626502
319	477	4.709908855651456
357	477	1.2190160960139473
446	477	1.655748690693861
1	478	1.3403695687013806
19	478	2.0852002253603956
26	478	1.298897683417139
72	478	1.8704530982819478
76	478	2.30839347551217
124	478	1.7649356363349131
160	478	2.346329776972376
200	478	1.4305959548122251
267	478	1.784982593737847
303	478	1.8711969680296336
325	478	1.9394987726167443
361	478	1.3091544928193906
416	478	2.13568051985585
419	478	1.7681483004671144
453	478	2.2519507404445855
135	479	2.2686013442311115
275	479	2.426295937412407
324	479	2.2972337362964628
53	480	1.5273173876102528
67	480	1.8032042774743369
118	480	2.210619517567942
128	480	1.8344803344496485
178	480	2.37138643860258
191	480	2.1012444209876966
319	480	1.4825033495672924
335	480	1.2530652875429524
404	480	1.403340981915341
458	480	1.5070456291675032
469	480	1.5772598270949456
27	481	1.7432907623534288
55	481	1.9831580470186023
109	481	1.3848203779419288
117	481	2.195798404881007
205	481	1.472537881781062
241	481	4.252199624400928
242	481	1.7343113779294517
260	481	2.06977668326825
262	481	2.247260253286824
284	481	1.8430574072314316
286	481	2.7435944865685835
291	481	1.6549222916282487
350	481	1.7016065605460944
379	481	2.0608462391280113
433	481	2.2763595003931485
21	482	1.974523168476127
65	482	2.11212802784882
122	482	3.7120781865080548
176	482	2.2311426672939665
239	482	1.7581928271448959
250	482	1.8805478152765236
319	482	2.3976333586934624
466	482	2.4492114947691137
54	483	2.366517449108578
255	483	1.8125866082382887
277	483	1.8809539274636122
283	483	1.5053036060963167
356	483	1.6162114790811515
382	483	1.6631690124284182
397	483	1.3740382044156958
442	483	2.1337087658101375
471	483	3.285651969993249
92	484	2.0893826523585286
109	484	1.4929265569797556
140	484	1.6272086276768523
148	484	3.5691235828230017
254	484	1.2882163816146934
272	484	1.5964868184436831
295	484	2.17699746927583
312	484	1.335074091618817
323	484	2.2190468883707446
373	484	1.542934699641003
454	484	1.9517110860195612
11	485	2.1940273298221147
73	485	1.723720032540224
174	485	1.6381464491470201
200	485	2.042692276461388
237	485	1.6712208758180722
311	485	1.9946325218133203
406	485	1.898154132938632
54	486	1.90352369016263
70	486	2.440668887578226
75	486	1.2406935719728183
99	486	1.859867562554035
137	486	1.8422305698821155
150	486	2.459169099162645
255	486	4.624947257350074
280	486	2.1615870326927484
374	486	1.9398514654658987
396	486	1.5799032398204955
30	487	1.348354612887647
62	487	2.3221333265419686
121	487	2.261791945410453
129	487	1.3574607228659987
220	487	3.430689284624046
264	487	2.2212132698449825
293	487	1.5870100132002436
320	487	1.8795806540721323
336	487	4.190603453458965
338	487	1.2245221133326925
434	487	1.546724707302928
437	487	1.8462752905818451
5	488	2.471432131702325
79	488	4.289239811700472
136	488	2.0853444849386773
144	488	4.160877647236335
192	488	1.734489522752527
254	488	2.3370678525140947
275	488	1.8564307874700345
305	488	2.056631284519938
312	488	2.3350686987291516
364	488	1.6595643555644648
436	488	1.9061931775562744
21	489	1.7444275645202505
29	489	1.7872118022836738
93	489	2.4649892346347837
122	489	1.573092858943731
145	489	1.6647168304594167
151	489	1.733141213555923
164	489	1.869140353144504
315	489	1.9650175902094467
430	489	1.845522327541766
440	489	1.8000536553233188
477	489	3.6319445149468144
480	489	1.7219821658895005
65	490	2.092057971795316
106	490	1.5633664635234896
144	490	2.2222716246241108
145	490	3.009292330535846
250	490	2.498069253584561
309	490	1.3428111293739236
379	490	2.3179038075003335
387	490	1.8343443238939652
415	490	1.8082228582957856
417	490	1.5204294173180575
458	490	1.6002300789537731
3	491	1.3520590476670993
38	491	2.3900227495175796
86	491	2.178838080585651
110	491	1.3804595012634955
189	491	1.7539756328308584
218	491	1.8304798471292758
227	491	1.6943548865546816
263	491	4.228290091056847
343	491	1.6344459228993558
351	491	1.84340625288245
377	491	1.6066542064597762
424	491	2.410297493585555
459	491	2.197584548357666
460	491	1.4970274884524561
465	491	2.159074294092827
14	492	1.567870868053934
36	492	2.4482798560231274
172	492	1.5445414247559643
216	492	1.516201464102879
217	492	2.1812904732704848
268	492	1.9204837319021275
294	492	1.6771566236037587
316	492	1.210396827637067
358	492	1.252848428418449
402	492	2.209616171168763
427	492	1.7731925979235663
31	493	2.287739699772735
170	493	1.5408114848076053
221	493	2.2379525270368714
223	493	1.3304353062058953
228	493	2.3631927020847514
255	493	1.328518276418098
277	493	1.8915984809811974
280	493	2.087651226026223
355	493	2.4361804962413274
363	493	1.5731131211313176
373	493	1.7267671700680787
375	493	6.186714960792116
378	493	1.7451703132610688
382	493	1.2286011000824204
462	493	3.7525478757458175
16	494	1.7243914540446206
112	494	2.351802964792177
113	494	1.905359332413431
256	494	1.4169619271168816
280	494	1.222321112304791
334	494	2.160061656906558
346	494	2.4891825677998276
446	494	1.340482195755708
459	494	2.2564717920055983
475	494	2.1232679769450162
20	495	2.263929916031744
40	495	1.5033080680629298
216	495	1.8265657922144891
244	495	1.5397402182409359
258	495	1.9868004383461921
281	495	2.445980194126112
294	495	1.3368781976464936
338	495	2.2308409352140766
343	495	1.8713347241521823
360	495	2.006835377595165
51	496	4.377598659085844
55	496	2.429620403228368
84	496	2.429369560470091
112	496	3.3022679739111953
290	496	1.3961693437796776
339	496	1.7303145247395957
345	496	2.410745604332843
375	496	1.5136651326285107
395	496	4.048180303722052
411	496	1.7653462303885412
20	497	2.3568578615228972
85	497	1.9070281368088806
87	497	1.615608188190649
118	497	1.3912451988844203
178	497	1.4951970029878183
309	497	1.3408203314758294
30	498	1.3076233883840316
96	498	1.958046225048594
160	498	2.3610120422467182
270	498	2.020688284540985
272	498	1.4190825933823763
320	498	1.582165520057694
374	498	1.6524418798949982
400	498	1.5855623100790752
407	498	3.801996714172401
437	498	2.0681387646681277
447	498	1.6223170022097022
48	499	1.7103829421587347
92	499	1.2260424512280186
114	499	2.1688066307091995
147	499	2.328472828129336
173	499	2.2688798784738564
181	499	2.056298805350031
198	499	1.7020682948693748
242	499	3.8741998393254105
260	499	1.7435852291967393
287	499	2.232112617980042
291	499	2.371484046136545
