18	37	1.9175113891730056
49	51	2.2822932404305973
54	73	1.2951432131947842
46	76	1.836974635599748
22	82	3.467256199210574
28	85	1.9842685845496177
40	85	3.9148522634088425
24	88	2.432239709577882
32	90	1.4953113159418914
47	93	1.5710173154510207
79	94	1.7320132707918354
90	106	1.5157878092046253
89	115	4.117677456864215
66	120	1.8082905255584043
35	123	2.0626663200018345
23	131	1.851390473446727
74	140	3.958576332068968
110	140	1.8643295773514335
63	146	2.013305100785421
104	149	4.030794936067717
122	157	2.0811405795395794
83	158	1.388181766058232
70	163	2.0375337545486913
163	166	1.2156609038282127
163	167	1.7200796737564374
3	168	1.846894219227436
6	168	3.59989476774766
149	168	1.6176764627701876
159	168	2.3662674917537654
71	170	2.426074733263455
160	170	3.998222884550868
131	172	1.612878605198204
92	179	1.739454725562667
143	182	1.2717795831041114
43	183	1.412344128230224
138	190	1.9294590474592606
135	197	1.203716604408237
189	201	1.6359701912341942
179	204	2.292569378506937
61	205	1.8375711298302
51	206	2.1523859521117705
77	207	2.2542220434614895
198	210	2.269683643508036
166	212	3.8526538637783445
76	213	1.6223812737887693
88	214	2.160464721696235
44	218	2.1554767159920014
155	219	2.263205834909784
212	223	2.118179486915561
96	224	2.043297432395786
125	225	4.103172902570104
145	225	1.700081065472392
73	227	2.450573842236935
83	227	1.6695563173547214
11	228	2.2799623955839214
105	230	1.7912531030823504
15	234	3.361586873649347
128	237	1.2388565553884832
95	239	2.1028186512860625
166	240	2.3821227953425574
105	241	2.49694036836425
155	246	1.7080704017627553
165	246	3.495403763495582
242	246	1.6232431977163233
183	252	2.0392463327257415
71	253	1.2374193618047002
111	253	2.041590793544418
28	258	2.2931051675546357
112	258	1.8758186723420192
142	258	2.2193501196401577
49	259	1.4316042423131559
192	259	1.7979111723141927
94	260	1.2927277403123503
100	260	2.364604493507687
127	262	1.724823615827611
89	267	2.371838487618744
25	268	4.046032314895042
39	269	1.2575068274754224
5	271	1.2839665515918264
138	272	1.9918858483184607
209	272	4.135377545064527
127	273	1.4831926094032775
107	276	2.112141498035567
182	276	2.698175564240894
52	278	1.826914402004227
29	279	1.419824906092158
38	286	1.7471672867623491
122	286	2.0270796305516274
138	286	2.2552952871332037
259	287	1.998547443285068
81	288	2.202359197313009
55	292	1.3167577878747048
80	293	1.5300296067717267
216	293	1.9161665974451045
272	295	2.1391551285438384
198	298	2.0053906527194276
47	299	1.6817665299363271
233	299	4.4477843186579555
0	300	2.107335548331803
56	302	3.3674854250880895
176	302	1.5639102519746018
227	302	1.2278214483297325
133	306	1.7431288950146606
297	308	2.4691197898406845
115	313	1.5123538443198958
210	314	1.2384647811143095
81	316	2.26266702803393
5	318	2.009592823687341
155	321	1.588675022691767
165	321	2.009674764402316
130	325	1.6842704675421105
208	325	1.829407455004224
120	326	1.3569592026862751
60	327	2.34702122793015
241	328	1.4754990121083766
51	330	1.9961121661310788
51	331	1.493811626014081
134	332	1.602675557551906
21	333	1.8636788279064147
211	333	1.2317290035588078
299	333	1.5389866622324948
1	336	2.2326862589321417
154	336	4.989240825101145
7	337	1.7891874579143279
152	337	1.2225112535518023
142	338	1.402998760187053
253	338	2.349091134725766
4	340	1.645166947496862
147	340	4.0958787553399825
18	341	1.9231591424240446
141	341	1.2728857573506112
13	342	2.474762558017397
178	342	1.4952702579295738
302	344	2.3936485101025653
243	347	1.3469582309932788
77	350	1.7486016251878604
97	351	1.803137278071124
30	353	2.3865892049969544
112	353	2.298757268778533
203	353	2.27273825316254
294	353	2.0469675182900238
324	360	2.0040663625393114
20	361	1.5025577961811791
197	361	1.7169863213605732
282	361	1.4219782122625964
87	364	1.7216486609318067
279	364	3.134066098139468
44	365	2.3444879283455897
99	366	1.2185284869729118
159	366	1.4210102531238962
130	370	2.3726474781941933
204	370	2.156738493821207
240	370	1.2542240016728092
14	372	1.4101590669496287
352	372	1.3913146808424148
161	373	1.5638524753452634
1	375	1.4315747335392517
48	375	1.2563694340283058
0	376	1.5721940234386138
74	376	2.3783218006726656
112	376	1.3709567625339465
244	376	1.7933545065882264
90	378	1.4407430083484853
245	378	1.7419457174346404
124	382	1.3347056217573658
344	389	2.204034737123255
4	390	1.9211027911192784
123	392	1.576389098680421
235	392	2.2068795657209423
266	392	1.7273967005955155
295	392	2.1940971996090655
330	392	1.4661443322311731
92	394	1.9898017561689887
382	394	2.005177737752546
304	397	1.6350964846423754
268	399	1.7153116101439507
205	401	2.4033185937566603
36	403	1.70490418817448
256	403	1.994758433261242
290	403	1.222836343119803
329	403	2.211650243291487
130	405	1.2325456838045483
224	406	1.3260304252612696
338	406	1.7230975646808504
340	407	2.4162908278544677
403	407	1.3509811648015924
162	408	2.356634501726679
271	409	2.4241183223552794
165	411	2.185010090011624
189	411	2.3618130931008747
245	411	4.147744648090855
256	412	1.3909796645122336
215	414	2.2554469821028897
142	415	2.1387938629879275
41	418	1.3381991037755445
158	419	1.3156335781529078
127	420	2.402343932182607
418	420	1.3336250667913683
138	421	2.3342093194490023
190	421	1.2050249677888853
232	422	1.3121158845226146
100	423	2.1509765846417666
4	424	1.316776369966225
228	427	1.6276675165051175
290	427	2.475505916772062
60	432	1.2397962937644351
354	434	1.9491304140722974
316	436	1.4917034132206783
48	437	1.7576662842411523
365	437	2.298712040866419
146	439	1.7409584048534468
242	440	1.7733239049153382
324	443	1.6175735680043961
25	444	1.6680064158143155
39	444	2.2279425887396274
296	444	1.4911378697126358
422	446	1.9142464170820022
433	446	1.633464177307038
327	448	2.4387521695223873
63	449	2.014802901694286
22	450	2.4309024070302385
46	450	1.83479524176095
75	450	2.4983488925994632
76	450	1.8386105553084509
173	450	1.9271045918993766
224	450	2.174186149554641
277	450	3.7562824197144753
324	450	2.1937978567075107
395	450	1.5967002549027032
12	451	2.1996035583539584
138	451	2.0475366264325094
151	451	1.6947666827215029
194	451	1.4941374775258442
201	451	1.8733161449914708
250	451	2.0008626116763994
272	451	1.7400741876875947
329	451	1.7908855940479915
428	451	2.08559142073256
439	451	2.263580600766111
445	451	1.3412664160208454
9	452	1.6246208862910991
72	452	1.3454662623068139
135	452	2.049648286724503
197	452	1.341037183080372
202	452	1.9000014683455166
228	452	2.2537507052293826
259	452	1.2531393699764315
328	452	2.43648397973484
331	452	2.0474414109980006
347	452	2.0973253198297273
349	452	1.8026379198981761
426	452	1.8559999518200536
434	452	2.2583861045249494
446	452	3.7364179344971022
8	453	1.5825790892584464
55	453	1.7692932340860146
122	453	4.26861954950135
126	453	1.2416733559759516
292	453	1.8136043501636823
392	453	2.1216967828993156
399	453	1.9471455830383162
409	453	2.190617183926586
444	453	2.0560798324607683
50	454	2.359998827635094
68	454	1.3279462347847273
71	454	4.43962576424606
75	454	2.3005102396028914
77	454	2.4317722787771
96	454	1.4700153865900896
111	454	1.3470916751826407
178	454	2.181299553337909
258	454	2.180246515635923
291	454	2.4941914333285444
304	454	2.0461290379962254
337	454	1.923772393066039
350	454	1.9388304347589949
387	454	1.6294807450976831
422	454	1.560486026484002
7	455	3.388208667260401
26	455	1.6603246551843216
96	455	2.2453806888358487
108	455	1.6225576132458286
196	455	4.344241133553616
258	455	2.344198720702568
350	455	1.4589973588202414
351	455	1.7048032112325004
406	455	1.427237839933715
415	455	1.535704231828146
48	456	2.1267757731031773
61	456	3.843717556500323
65	456	1.735266110056197
73	456	1.6361880361057797
83	456	1.952934979904204
205	456	1.9851185337724189
240	456	1.7628679547674948
270	456	2.288520922135884
279	456	1.7023204696109726
298	456	1.3287428179260035
302	456	2.3500280798298974
344	456	1.3059230422368242
361	456	2.324197539794411
389	456	2.3181617459581334
390	456	2.149626773875888
428	456	1.4290372873411712
35	457	1.9036627845872727
88	457	1.4560490794186838
181	457	2.2227283518068193
256	457	2.2847552922739016
257	457	1.9738515168268695
334	457	1.46876833515153
339	457	2.0870849695092026
347	457	1.5148352444242827
422	457	4.141226994568232
3	458	1.6211312046227873
18	458	1.8555428130990808
21	458	1.3577395056635067
40	458	2.2182356865017843
97	458	2.4189347117949396
141	458	1.652378404854527
149	458	1.7250634164768823
224	458	1.3916671602785506
336	458	2.206628465869875
356	458	4.247418436635282
407	458	2.258723364471593
34	459	2.3048932295328175
60	459	2.037415706126523
63	459	1.3579865226807475
137	459	2.123174237093991
143	459	2.35791300062321
146	459	1.412089419271625
183	459	2.3628283137644304
204	459	1.523996758746426
250	459	1.7330290730318954
286	459	1.3998547653235738
327	459	3.883226475200991
342	459	1.4710790337173392
394	459	3.371024286884765
445	459	2.198150736854008
7	460	2.627348551408091
97	460	1.6271333962181669
102	460	1.8003965111662366
111	460	2.193422032499089
114	460	3.5411279892116165
174	460	1.2557036152741672
177	460	1.3326896856583892
296	460	1.4291542361031606
300	460	2.317818746602308
438	460	1.6906743849387689
47	461	2.049455365762924
185	461	1.7322014534178738
247	461	1.2730798684958882
387	461	1.9091125374080398
397	461	2.0022566359574383
415	461	1.2459827323352173
427	461	2.0526109343383867
89	462	2.4117881385766964
281	462	2.090787918276888
287	462	1.81431872848433
352	462	1.369316671270423
358	462	1.5783756739057517
28	463	1.9272091774024482
63	463	1.330044980737819
73	463	1.5920673843516144
76	463	2.4786080419163428
105	463	3.3081420097140013
143	463	1.5024059854425185
211	463	2.2646126397776936
358	463	1.4175158916334758
72	464	2.087550819442635
80	464	1.7084250986038931
174	464	2.2450006228532526
181	464	2.3686872770971252
192	464	2.308509512438248
204	464	2.3636167914002697
228	464	1.472816222207784
281	464	1.4953757634262381
311	464	1.3666882721065297
334	464	1.8456490205801956
359	464	2.1757683383424693
417	464	1.337914270499139
434	464	1.6133188834902308
452	464	1.6878832764847096
6	465	2.4815045895834484
27	465	1.4435784484456413
43	465	1.5601587239588661
237	465	2.293756190581218
265	465	2.3469106460789773
379	465	2.243627610590404
404	465	1.4664224896858091
441	465	1.5272079675575074
48	466	4.08272017451641
61	466	2.0388210081749603
83	466	3.3895289760693226
106	466	1.984455136148444
205	466	2.42563213600951
251	466	1.5553520396840308
263	466	2.243538792257765
424	466	1.7458162186089554
435	466	1.7644123274260832
449	466	1.6862826334402823
14	467	5.843999277533494
16	467	2.139593017151197
21	467	1.5158681047732947
108	467	2.414316435898914
115	467	1.9547110230111793
139	467	2.0150252714965937
172	467	2.3215738234651377
193	467	1.322288656580982
219	467	2.3994426951405945
273	467	2.454141246554489
308	467	2.416576928066532
362	467	2.034618845969454
396	467	2.4084847853074143
25	468	1.2153474233266919
159	468	2.231424230115809
265	468	2.1181274482857675
423	468	1.2320126196372638
453	468	3.2311727880890793
462	468	2.209163962861248
22	469	2.1971116696220414
44	469	1.652686696974186
82	469	2.3454926665094993
120	469	1.3080216121294914
185	469	1.5808101567974655
216	469	1.9438755298028214
218	469	2.165428668073309
223	469	4.350084494431057
261	469	2.3151878096617344
309	469	2.2026728444509542
365	469	1.8928612069597708
395	469	2.304169428942342
57	470	2.3057545689983763
64	470	1.4855561062498435
71	470	2.212007074014605
85	470	2.110552757336013
102	470	1.3871859892639893
111	470	2.2293851101040194
144	470	2.4985710826420866
160	470	2.0865176944678456
170	470	1.5934879442339054
207	470	1.6948623753692047
253	470	2.395344521143501
263	470	1.6917927665630967
350	470	1.3943652231703678
354	470	1.8219657350816785
14	471	2.4799098195032987
16	471	1.968577051468086
92	471	2.0220135945305926
127	471	2.2545558493980837
211	471	1.9157126890155864
229	471	1.688559097412238
260	471	1.7783978318715712
275	471	1.274061248790592
372	471	2.467257821854899
385	471	2.464811313760768
393	471	1.9342541677788736
414	471	1.245501090748459
442	471	1.4860693898855266
447	471	1.3453264271451406
2	472	1.2054738245146923
95	472	1.5565022737268466
169	472	1.7534917709934352
172	472	2.3313693186024245
192	472	1.7642393974001607
239	472	2.5877965830491343
341	472	1.2930243383037425
401	472	3.1386389598275004
402	472	3.9268178511747265
4	473	1.6566378183677766
65	473	1.2912077072489696
67	473	4.426266263023528
73	473	1.6818949624657653
83	473	2.455477132135366
159	473	1.6178883727980131
191	473	2.183788320479155
251	473	1.4700525582782855
302	473	2.1876037268195416
361	473	1.280471653138755
458	473	1.5696054045043148
466	473	2.3537627018465135
18	474	1.4208899677518507
129	474	2.4416378362907123
172	474	2.2781354307907016
206	474	1.6631144830782747
269	474	2.3087448119889435
296	474	1.9333481139068498
323	474	2.2288809351726235
348	474	1.7246335319706958
369	474	3.5074037996619634
384	474	2.4697131659088587
44	475	2.232196671336307
76	475	1.8223894634567435
107	475	1.7234960519543914
185	475	1.8844447143989407
248	475	1.6822930469455135
283	475	2.402023658442051
326	475	2.3856313624480987
365	475	1.5094053085280215
395	475	1.485712879056764
401	475	1.8451921465460477
403	475	2.332257793256897
438	475	2.3500895473897163
443	475	2.3307193986643684
29	476	2.463190070921609
112	476	1.8494833658742438
119	476	1.739271612704623
148	476	1.4616256058600299
184	476	2.469353535072738
191	476	1.9531258487352232
219	476	1.2718938037324103
230	476	1.4629630351984444
287	476	1.8207835977518445
288	476	1.7227528247352855
353	476	2.03437574209511
411	476	1.7661315520372534
433	476	4.6596953674802695
15	477	1.211690578832367
50	477	2.416548292939777
54	477	1.300727815226147
96	477	1.493604020988221
102	477	1.639630441851061
170	477	1.2726848466198282
178	477	2.062346238862378
183	477	1.3387224021787079
221	477	1.453503781697648
338	477	2.3614647834293105
363	477	2.2274241282893676
454	477	2.3150018171825923
455	477	1.637718519971881
460	477	1.7465329843296766
59	478	2.4424273640339136
65	478	4.310329112609761
134	478	1.5338833722816752
263	478	2.310723988765428
390	478	2.4163859119097912
406	478	1.8248653883430674
424	478	1.2857692847719702
435	478	2.902716758666487
32	479	1.3387412074631817
70	479	1.8023453147820183
135	479	1.5533769526692591
162	479	1.4341737399091135
173	479	2.3704114201527386
365	479	2.385566048825244
417	479	1.2282088488987382
6	480	1.4248805666875897
19	480	1.375071047522998
48	480	1.2715640897908984
54	480	1.927353471231608
59	480	1.8292582533568573
65	480	1.415292056037035
67	480	1.5577484325977646
120	480	2.0353147786579804
134	480	2.0490651308616727
185	480	2.175843329569524
205	480	1.2257660058661957
344	480	1.609121301107681
389	480	1.5774655096807118
390	480	1.6797463636850987
435	480	1.8995749775808104
437	480	1.9377784416690638
448	480	2.30786661743622
473	480	1.9044988391326083
26	481	1.4871135874808616
95	481	2.961207959489223
133	481	2.0241176481866243
256	481	2.471465788513691
269	481	2.07309990405945
290	481	1.4726911854803877
296	481	1.4497096354249448
307	481	2.2454033009021703
310	481	1.6650954468403585
448	481	2.0874567725272035
133	482	1.6610999858393358
313	482	1.5115642334781239
385	482	1.2690078539217702
428	482	2.410850005847599
462	482	1.9020321100314534
471	482	3.694090567875619
15	483	1.9735364556420376
18	483	1.620522571926006
24	483	1.421147597667172
102	483	1.7000083068743637
199	483	1.4675892676428157
210	483	1.8017101348919922
218	483	2.051304954683589
253	483	3.5347753036123937
288	483	1.2406163874357832
289	483	1.7511006805688645
314	483	1.360489319546468
342	483	1.4603722398901784
350	483	2.421021399518869
122	484	1.2044795219550195
183	484	3.5944616923343027
318	484	1.4538140274013698
404	484	1.8926601426274074
465	484	2.4545375214989518
31	485	2.3778390763649897
108	485	3.4458021014195754
160	485	1.8695849682987524
174	485	1.860364627585609
178	485	2.4064650296140386
234	485	1.577020186453233
280	485	2.4511928432082155
291	485	2.266872987736314
304	485	1.5787245753681345
415	485	1.5469808204803912
438	485	2.1917470515303377
450	485	2.354269603289924
453	485	1.7429975051790503
2	486	2.4762090198724973
57	486	1.7009849313048688
172	486	2.3261058158625536
239	486	1.3862670989514185
285	486	1.812310799302463
307	486	1.69584663216343
339	486	1.4350517682333332
341	486	1.6251341730634512
394	486	2.1070306667371854
412	486	1.2491987539952856
414	486	2.2451942222587755
418	486	2.297138692616276
28	487	4.29470944801257
94	487	2.0665885577063827
105	487	2.231856370936243
211	487	3.167932694296074
275	487	1.7806303567552857
334	487	1.6472593211238078
418	487	2.29355097400871
4	488	2.363417507423966
10	488	1.3867268674702458
15	488	2.1714326443733616
31	488	2.3114933357499194
77	488	1.2058367199421327
102	488	2.406676067781521
142	488	1.3403134036295297
170	488	2.101780918016789
172	488	2.000664043665047
211	488	1.7329014924924422
213	488	1.4230781558045602
300	488	1.7988351753185676
304	488	1.4527053138742843
338	488	2.3150211159709637
397	488	2.154524899845861
455	488	2.458350867544876
76	489	2.067010648492826
82	489	2.2123423695613376
120	489	3.5945842924201674
132	489	1.9504936647078477
139	489	1.2898941395737002
182	489	1.8756622761811204
218	489	2.4160024694043747
246	489	1.3964843889379104
261	489	2.4746657022335485
262	489	2.4312287977113503
276	489	1.2185352495512005
282	489	1.837108715750425
417	489	1.651095048936435
478	489	1.555708591908415
33	490	2.4616607181039623
46	490	1.4983545174056485
66	490	1.5407178862667574
107	490	3.1598787214601636
182	490	3.9388540301462567
365	490	1.8600364098093038
369	490	1.3512432967416406
381	490	2.0174573279636796
443	490	1.6983506330385338
464	490	1.8010580441755877
469	490	3.47680726547215
18	491	1.6650721385342389
30	491	1.220507638975164
37	491	1.3792253371773737
117	491	4.212816208946252
202	491	1.5570409520439112
212	491	1.360139057568732
290	491	1.6428570985169602
355	491	2.270145262386805
400	491	1.8785161587566275
402	491	2.249605978254773
403	491	1.4076765597419296
414	491	2.05032394369285
472	491	2.0479929844834697
38	492	1.2752604580638087
52	492	2.2179751947973765
70	492	1.255635170069372
92	492	1.4018121219064295
138	492	1.5432833326461375
204	492	2.0255368989292197
212	492	1.2656938314053492
286	492	1.3108273183000638
405	492	1.2220001162685767
445	492	1.6093037415594798
50	493	1.8204073144410147
74	493	4.432516911759395
99	493	1.546271459694255
122	493	2.17836582227989
140	493	1.5452733234112181
153	493	1.6946778463202505
167	493	1.8787809061017584
209	493	1.367332481337841
229	493	1.4631203952004168
286	493	1.9008387459421745
295	493	1.7396138436128903
386	493	1.8336740549515116
405	493	1.2400799285819695
413	493	2.041639883902432
421	493	2.3959947104968626
425	493	1.5062193227547924
439	493	2.4299311455682546
445	493	2.15742798119337
36	494	1.7334790840993146
44	494	3.2707439987999534
132	494	2.142309404788362
162	494	1.8749000044056365
248	494	1.5700113299079894
261	494	1.6253045624561102
320	494	1.2489521645129982
326	494	1.6001090676805019
373	494	1.321895477065857
430	494	2.1982354619022497
469	494	1.3173881140571606
479	494	2.2510214925819474
490	494	1.6555710956408538
19	495	1.4017743936734317
90	495	2.1544727365899115
219	495	1.5588516883286399
364	495	1.9947416714261745
380	495	1.547755119744017
433	495	1.7903325063036135
444	495	1.965315097931387
453	495	1.5453679300537668
476	495	2.872575789106825
138	496	2.3134874245891526
175	496	1.653249708324839
229	496	1.8032919114762946
231	496	2.10010993045121
234	496	1.3922358671514854
237	496	1.356669160231862
273	496	2.3871940119056676
352	496	1.307994262471486
426	496	2.3751342364195005
487	496	2.403145384770988
29	497	1.32709101318861
30	497	1.8292671138484182
75	497	1.325492481427179
87	497	1.8996403039496517
90	497	2.4836492663884235
125	497	2.192841290500834
201	497	1.8202541046494087
246	497	2.4374535174328193
288	497	2.457794859189444
292	497	1.9450212862036629
321	497	2.445578192698508
363	497	2.233469059587187
376	497	1.5450109650876191
415	497	2.1479698639320755
495	497	1.9689236122784206
4	498	1.9217418063756642
48	498	4.425479950723684
56	498	2.158916747845355
65	498	1.4787662214155786
73	498	1.9848683587522546
75	498	2.1607220368269084
83	498	1.2213043518264144
91	498	3.646911625133219
157	498	2.427346305683951
184	498	2.3171232497544163
205	498	2.4406605317061407
263	498	1.6249415555537745
298	498	1.5983329870898473
352	498	2.385917410095085
380	498	1.5537381836302282
389	498	2.018076144712691
424	498	2.163821282737278
435	498	2.256036351450108
437	498	1.5446310651805883
473	498	2.0994884452768465
478	498	1.3396827479986402
37	499	1.842677332566621
95	499	1.235378914991566
118	499	1.50697413669571
131	499	1.308639850357359
269	499	1.2666000351496693
285	499	2.3326989153011155
348	499	2.2835973047919325
355	499	1.5118287485949287
402	499	1.2823212379085946
491	499	1.9940292377210858
