0	32	1.7526979801086835
0	49	1.6139174236055853
0	112	1.4399162395049445
0	122	2.293739582484656
0	165	1.3678077665008053
0	219	2.061111318975142
0	271	1.7385988189047619
0	300	2.107335548331803
0	376	1.5721940234386138
0	411	2.3939968272456422
0	433	1.2957509199263668
1	6	1.375064805976431
1	27	1.3374168506239057
1	73	1.3141319305929542
1	141	1.964531395793725
1	149	4.517143677917519
1	199	2.2689709884904468
1	226	1.9149515926947558
1	329	1.7531340569392246
1	336	2.2326862589321417
1	356	1.5129389440151446
1	375	1.4315747335392517
1	382	1.838099496147176
2	37	5.578969154715607
2	39	1.9322427336590835
2	55	2.0122065667386932
2	95	1.5482846714073188
2	117	2.329240505503527
2	324	2.470623779379981
2	414	2.0713875999029963
2	472	1.2054738245146923
2	486	2.4762090198724973
3	57	3.361019742127536
3	101	1.2228946416792705
3	136	1.543582799702951
3	141	2.3398554808482017
3	168	1.846894219227436
3	171	1.3427281288774593
3	336	2.3654433902206886
3	356	3.957820117071601
3	445	1.4136950888437645
3	458	1.6211312046227873
4	18	1.7363067984295908
4	44	2.3695973933754866
4	54	1.4282097331072334
4	59	1.4816071187493776
4	67	2.6673077370791525
4	191	1.8910079788686214
4	263	1.2509163773233405
4	340	1.645166947496862
4	389	2.1018218854529085
4	390	1.9211027911192784
4	408	2.240312150320459
4	424	1.316776369966225
4	473	1.6566378183677766
4	488	2.363417507423966
4	498	1.9217418063756642
5	123	1.610852240121412
5	185	2.14392218227264
5	195	1.4486625863693765
5	236	1.762078429811096
5	242	1.6345096314919862
5	265	2.115385619383921
5	266	2.0947309218788965
5	271	1.2839665515918264
5	318	2.009592823687341
5	390	2.006124864948441
5	392	2.0052231921288954
5	393	2.4729777589379367
5	423	1.3055460845698479
6	58	1.8413905853931833
6	158	1.889531611951177
6	168	3.59989476774766
6	180	2.179527954967825
6	241	1.4478780830967466
6	270	1.223587686125025
6	340	2.135913024067865
6	356	1.7979968680527105
6	426	1.4237302329593702
6	465	2.4815045895834484
6	480	1.4248805666875897
7	24	1.6750648610651466
7	68	2.465910120146023
7	200	1.8315355877609956
7	224	2.455013419427397
7	225	1.4088880427054755
7	300	2.195113695346815
7	337	1.7891874579143279
7	397	1.5880120861776792
7	455	3.388208667260401
7	460	2.627348551408091
8	53	1.8411507150020443
8	98	1.3620572785300638
8	122	2.1575268885084413
8	289	2.9501624294401445
8	319	1.7158488009608777
8	337	1.3984490176630653
8	357	2.401977088588396
8	387	2.0776783448062197
8	453	1.5825790892584464
9	113	1.4373283583483443
9	181	2.08941805662205
9	244	1.4470709704209026
9	247	2.34985486279321
9	294	1.291556376822304
9	311	2.0562417834090443
9	331	1.4327795618352157
9	427	2.0761158642512276
9	452	1.6246208862910991
10	64	1.2113465277136444
10	177	1.2413516359451255
10	198	2.0410376149237246
10	267	1.3968375570884028
10	488	1.3867268674702458
11	130	2.433314866989522
11	228	2.2799623955839214
11	243	2.2487072926609883
11	259	1.231898609483714
11	346	1.956305217616341
11	347	2.3940485374949008
11	446	1.7687096134028653
12	38	1.2349479161801302
12	45	1.5065044616163958
12	78	2.7528899163054694
12	92	1.9820462712062947
12	163	2.1152683346680847
12	274	2.480358498303068
12	286	1.4061384657094833
12	340	1.7968420488325179
12	370	2.4498533797906172
12	413	1.7141909189169278
12	421	2.2495388697175667
12	429	2.087273520862742
12	439	2.152131251604792
12	451	2.1996035583539584
13	37	2.2841402745928274
13	131	2.389844153915397
13	133	2.262004291460409
13	239	1.3719129802089043
13	342	2.474762558017397
13	412	2.269312119149985
14	21	2.0477037486202607
14	115	1.876692112323934
14	267	1.2153347302813664
14	317	1.5955478778709231
14	333	2.1213345314724212
14	343	2.3472880107606016
14	372	1.4101590669496287
14	385	1.4607637271762104
14	418	1.2467625685432406
14	420	1.9626359116388594
14	467	5.843999277533494
14	471	2.4799098195032987
15	111	1.2185966184031152
15	142	1.294350367548464
15	170	1.7589871819156002
15	176	1.7975174019088263
15	177	1.2710122482363515
15	198	2.3104777923689426
15	200	1.506034900033575
15	207	1.3968554516576042
15	229	2.0180568981693527
15	234	3.361586873649347
15	477	1.211690578832367
15	483	1.9735364556420376
15	488	2.1714326443733616
16	21	1.7143231277120208
16	141	1.359294433660104
16	231	1.4261900108612653
16	259	2.1703954099738123
16	267	2.346008948061236
16	273	1.3416401564857112
16	343	2.071140270868179
16	362	1.330336695286761
16	372	1.3034775547926654
16	467	2.139593017151197
16	471	1.968577051468086
17	41	4.547665190924263
17	48	1.8073714927511273
17	83	2.221668696210205
17	139	1.9134034633670423
17	272	2.151787571504326
17	370	1.7078167093982022
18	37	1.9175113891730056
18	210	1.7504523553236409
18	230	1.3237203678631864
18	341	1.9231591424240446
18	458	1.8555428130990808
18	474	1.4208899677518507
18	483	1.620522571926006
18	491	1.6650721385342389
19	20	1.7223459823497786
19	27	1.352959032945637
19	56	2.270971585757718
19	59	4.653020947450801
19	66	2.0585599490571336
19	251	2.0915551965043413
19	303	1.8390142953046904
19	424	1.578386489030771
19	480	1.375071047522998
19	495	1.4017743936734317
20	61	3.6531238895688407
20	65	1.4444178134144376
20	113	1.2420361419776027
20	157	1.528138010217225
20	251	2.3120910903369865
20	344	2.074439572940182
20	361	1.5025577961811791
20	388	2.7891527545983763
20	390	1.3027298756168884
20	435	3.213062067281705
21	115	2.129564519561798
21	139	1.496939660126398
21	175	1.4765126713291157
21	197	1.4028279756599014
21	211	2.3364802413878945
21	273	1.6083643898539612
21	308	1.647295668706231
21	333	1.8636788279064147
21	338	1.6527256513086916
21	352	2.0664522780783834
21	372	1.5935538836806848
21	385	1.3551759483199415
21	438	1.2064734022724608
21	458	1.3577395056635067
21	467	1.5158681047732947
22	46	1.5279994215682815
22	82	3.467256199210574
22	173	1.967587570239847
22	182	2.0712567444658823
22	218	3.5808606945654726
22	224	1.98425612732412
22	324	1.654677224136902
22	360	2.0108308361278713
22	443	3.9191844719257
22	450	2.4309024070302385
22	469	2.1971116696220414
23	39	2.182780339461731
23	95	2.226264850246623
23	131	1.851390473446727
23	133	1.6330336628051445
23	169	2.008317090452856
23	172	1.402451748349549
23	403	2.373094737618996
24	57	1.20590419599129
24	68	2.112336188149112
24	88	2.432239709577882
24	96	2.4901717788702586
24	102	1.4851309345314196
24	114	2.121699017939026
24	142	1.7172467609060995
24	291	1.2718376180118254
24	415	2.270649056136223
24	483	1.421147597667172
25	214	1.2347080749682406
25	268	4.046032314895042
25	318	1.4773847053891922
25	343	1.2682955330133248
25	379	2.3113804303013974
25	383	2.4325910576008587
25	392	2.4524441751795645
25	393	1.3430604475380887
25	440	2.3692796369133546
25	444	1.6680064158143155
25	468	1.2153474233266919
26	68	2.2623043170726564
26	96	1.5893613315308814
26	108	1.616946611929067
26	151	2.0968188594474353
26	200	2.161316881689086
26	221	2.122950808204255
26	300	3.848754448792994
26	338	1.34395899152774
26	351	2.1803179295604433
26	455	1.6603246551843216
26	481	1.4871135874808616
27	98	1.7045519333998107
27	104	1.928526982210513
27	124	1.3459411572449294
27	152	2.41805076553469
27	216	1.6505910769546044
27	274	2.412530464151563
27	301	2.4217514061608467
27	329	2.0740719010491926
27	363	1.5333725136062246
27	465	1.4435784484456413
28	54	1.8553396775735629
28	85	1.9842685845496177
28	89	2.459181654402344
28	128	1.8112752383428727
28	142	2.2005802942530446
28	193	2.2766073365786936
28	231	1.2529244484989648
28	237	1.7752629988852366
28	243	1.3945781733016047
28	254	1.5710570523230065
28	258	2.2931051675546357
28	275	1.8705097092912149
28	281	1.893431093870984
28	305	1.7651623184611278
28	319	1.4283671686121673
28	372	1.426465090107022
28	440	2.4976075995979192
28	463	1.9272091774024482
28	487	4.29470944801257
29	32	2.0219586912675753
29	112	1.7924660111408421
29	121	2.4374924055243827
29	148	1.3468913558692506
29	219	1.206460464316593
29	246	2.318439642961702
29	254	1.2526482422261773
29	279	1.419824906092158
29	321	1.8865493321121816
29	371	1.888695904362129
29	385	2.162944465467363
29	411	1.3285601104654625
29	476	2.463190070921609
29	497	1.32709101318861
30	32	3.0834627259935266
30	81	4.3094128158937846
30	155	2.3744253698129034
30	164	3.6911150113970086
30	244	1.890950384812649
30	279	1.8346666966453709
30	287	1.4967928008826796
30	353	2.3865892049969544
30	371	2.072993937324295
30	416	1.411855373773428
30	436	1.2901549387468303
30	491	1.220507638975164
30	497	1.8292671138484182
31	71	3.1124978193198998
31	160	1.224596008761438
31	253	2.0082825486002642
31	313	1.6463327614446042
31	320	1.6574176311724693
31	338	1.765892177279612
31	415	1.4973083248415668
31	485	2.3778390763649897
31	488	2.3114933357499194
32	90	1.4953113159418914
32	164	2.1800663324371534
32	188	1.4108477318906947
32	239	1.8561068209969867
32	244	3.563436045087837
32	246	3.646055673457429
32	254	2.466098782170099
32	279	1.825991950854526
32	353	1.987769922234114
32	378	2.1970614320153725
32	436	3.9367426329300166
32	479	1.3387412074631817
33	44	1.3036532258708544
33	46	1.5046425015575313
33	66	1.4046826403399346
33	76	1.301285678349088
33	82	2.087066069981138
33	120	2.2590853602146383
33	178	2.433496364251986
33	199	2.0341192171195868
33	248	2.2084234345866576
33	276	1.6175030233734702
33	282	1.5381525435772438
33	309	3.759083319704392
33	316	1.976189358476073
33	324	2.3537335313259424
33	361	2.480591199509427
33	443	2.4205056342343925
33	490	2.4616607181039623
34	63	2.1478103666923514
34	78	4.468497543459381
34	92	3.788467857325996
34	137	5.050059160078592
34	194	2.2218144938049624
34	295	1.7820834848589246
34	394	1.4001268413444787
34	405	2.22975657236715
34	425	3.0805111962041662
34	441	1.2227575236775494
34	459	2.3048932295328175
35	43	2.277105299533887
35	116	1.5095503709277385
35	122	1.5188232189332176
35	123	2.0626663200018345
35	457	1.9036627845872727
36	37	2.331262636247658
36	39	1.5342187421024276
36	118	1.3879452042599503
36	148	2.05168900105015
36	186	2.358404684802549
36	220	2.0225969280113256
36	403	1.70490418817448
36	494	1.7334790840993146
37	46	1.5298359247465378
37	93	2.3746025015774075
37	117	1.236910925117731
37	156	4.537163263187743
37	253	1.244491946161815
37	330	1.994146433285982
37	338	1.3579204429094238
37	391	1.7545934802324525
37	491	1.3792253371773737
37	499	1.842677332566621
38	62	1.690750288406539
38	116	1.9873111688364888
38	146	1.3690425229820857
38	151	2.036180365107746
38	163	1.6803592096337971
38	204	3.6510959651294854
38	274	1.874598246432757
38	286	1.7471672867623491
38	295	2.352332021486636
38	337	1.402194094687893
38	405	1.8013737224983855
38	429	1.4588187881522918
38	492	1.2752604580638087
39	256	1.3344318316539598
39	269	1.2575068274754224
39	290	1.328611393808079
39	384	1.3478430269900812
39	427	2.2448412817294967
39	444	2.2279425887396274
40	85	3.9148522634088425
40	144	2.302306367119666
40	149	1.679543832742626
40	168	2.2968237332649806
40	246	1.545816453099406
40	336	2.338662048225441
40	375	2.9880598203915474
40	458	2.2182356865017843
41	281	2.3708349441782013
41	333	1.3729983975249989
41	418	1.3381991037755445
41	422	2.4590138279353075
42	59	1.983275638606357
42	170	2.360204540387154
42	198	2.066132391657694
42	200	1.686478642406252
42	207	1.7906479248587162
42	234	1.9572559355346861
42	304	2.0067073755650755
42	415	1.4445967362638321
43	53	2.927188194675149
43	157	1.9734690631729834
43	183	1.412344128230224
43	195	1.2984222448486442
43	214	1.8890179160405107
43	222	3.672787184971554
43	265	1.9612033344094009
43	440	1.2772080135124682
43	465	1.5601587239588661
44	82	1.7774709586798914
44	185	3.978921777910059
44	218	2.1554767159920014
44	261	2.102441692792405
44	365	2.3444879283455897
44	410	2.1025610813003377
44	430	1.9424189713364335
44	469	1.652686696974186
44	475	2.232196671336307
44	494	3.2707439987999534
45	137	2.331403525968737
45	295	3.062368853623111
45	327	1.4652120634522474
46	66	1.558384099887528
46	76	1.836974635599748
46	276	1.80338446889446
46	309	1.5227663669320537
46	326	1.2190231623145085
46	450	1.83479524176095
46	490	1.4983545174056485
47	51	1.7523037398732186
47	93	1.5710173154510207
47	123	2.45195609913853
47	243	2.408041324582026
47	293	1.3624909447910731
47	299	1.6817665299363271
47	311	2.016402200171766
47	328	1.9344854295668918
47	334	1.5973171426882085
47	346	2.410471182154323
47	373	1.2880210396789964
47	409	1.4954769022182406
47	446	1.5378631203594542
47	461	2.049455365762924
48	56	1.4077535440197027
48	61	1.7960123205391032
48	91	1.4220928647659774
48	263	1.5486663232740856
48	298	1.9253214029456014
48	375	1.2563694340283058
48	389	1.8117784158449517
48	437	1.7576662842411523
48	456	2.1267757731031773
48	466	4.08272017451641
48	480	1.2715640897908984
48	498	4.425479950723684
49	51	2.2822932404305973
49	89	1.9943937168114503
49	192	1.8935623136050537
49	232	2.382770341744607
49	236	2.115335156681041
49	259	1.4316042423131559
49	328	2.2380244676652388
49	349	2.4489780173908073
49	362	1.3592195542039176
49	410	1.663524684472261
50	57	1.7800697702531725
50	71	1.2140022255262413
50	111	3.7374357422282847
50	207	1.7024243366537963
50	208	1.8854407498785908
50	252	2.3651076752308677
50	342	3.9170745707175225
50	393	2.028355667555231
50	406	1.6324693849655834
50	454	2.359998827635094
50	477	2.416548292939777
50	493	1.8204073144410147
51	197	1.2043508843113415
51	206	2.1523859521117705
51	241	1.3531632596031684
51	271	2.137034408593447
51	330	1.9961121661310788
51	331	1.493811626014081
51	346	1.3947794231300152
51	359	1.7145985815757243
51	373	3.3357723771718493
52	70	1.9772018862725922
52	74	1.2211836823925948
52	110	2.0083858477686882
52	151	1.3894334814075362
52	179	6.173517725605416
52	256	1.9942891884370206
52	278	1.826914402004227
52	295	1.770575629720009
52	312	1.6471577442028464
52	370	1.4980501404275248
52	436	1.716351005748516
52	437	1.7476231148173886
52	439	2.055252468781068
52	449	2.033833300335702
52	492	2.2179751947973765
53	183	2.306532958996727
53	292	2.491112616440695
53	337	2.0356733505045472
53	392	3.951876765758474
54	73	1.2951432131947842
54	92	1.3595536618316977
54	335	1.825005949718686
54	371	1.2340309214904683
54	388	1.92611576059197
54	390	1.8431629105206087
54	435	2.341937149878703
54	477	1.300727815226147
54	480	1.927353471231608
55	60	2.1064634461291867
55	116	2.2143628067950134
55	159	2.3666952284969662
55	183	2.1014989656831013
55	265	1.217406767147637
55	268	2.1053660179317157
55	292	1.3167577878747048
55	318	1.5455578854398215
55	453	1.7692932340860146
56	65	1.9993037661858986
56	176	2.453223424808658
56	241	1.239297944129989
56	255	1.3070002176588584
56	302	3.3674854250880895
56	366	1.6958209245978535
56	498	2.158916747845355
57	104	1.4450385682299878
57	124	1.8801351267236481
57	147	2.4420643138086566
57	154	2.1943148511675816
57	180	2.2268457582697394
57	252	2.4697075616699484
57	294	1.3370729221812232
57	326	1.4003427015737198
57	407	1.5811463413707825
57	470	2.3057545689983763
57	486	1.7009849313048688
58	77	2.3231846868817474
58	144	1.7427894171937712
58	150	1.9849022138381591
58	154	1.6378861521959278
58	216	1.5117141115551362
58	252	2.1844732076393187
58	397	2.3324146602788653
59	84	2.128309853751456
59	91	2.4224997489016977
59	145	2.211032732044667
59	231	1.330494602722569
59	302	2.228216703169082
59	335	1.9877937087036353
59	361	1.5815810360955596
59	381	1.9875932430259726
59	478	2.4424273640339136
59	480	1.8292582533568573
60	63	2.3496948662693167
60	100	1.7911601799696655
60	110	2.334659118732908
60	143	2.4139977605034684
60	153	2.2461615402471073
60	163	2.2566100694717193
60	208	1.774755417211333
60	229	1.3148339110918397
60	321	1.3826889787679786
60	325	1.478149820886547
60	327	2.34702122793015
60	377	1.4961424397022511
60	394	2.0150968926300763
60	408	1.5945744803222444
60	432	1.2397962937644351
60	459	2.037415706126523
61	91	1.5684374013061806
61	135	2.4671775932497546
61	176	1.7446808620000471
61	196	1.4241421199759907
61	205	1.8375711298302
61	251	1.9747611790907058
61	264	1.352894897212769
61	401	2.4240247082192523
61	409	1.6535647761120047
61	435	3.0964304406743572
61	445	1.8779654917403166
61	456	3.843717556500323
61	466	2.0388210081749603
62	99	2.2337806461219074
62	153	2.2441196791529974
62	375	1.9897196791076581
62	425	2.3959272400311318
62	445	1.2851948624504892
63	99	3.8935140584009016
63	110	1.6013869242396548
63	117	1.9188262848146573
63	130	3.951055938758946
63	146	2.013305100785421
63	186	2.1442628986511734
63	208	2.472328837829494
63	209	1.6471108351344934
63	286	1.5275327671689547
63	377	1.6179360812986732
63	413	2.140627026537014
63	421	2.364021050835621
63	449	2.014802901694286
63	459	1.3579865226807475
63	463	1.330044980737819
64	160	4.650196739759215
64	207	2.1327123821879033
64	291	2.591273660789248
64	338	1.4263253609773592
64	350	1.4023971766452057
64	470	1.4855561062498435
65	134	2.2176204297378876
65	251	1.526718743634313
65	281	1.6871091455466658
65	282	1.607929387762745
65	303	2.1054297890256506
65	335	2.161396170203256
65	406	1.5385622537189783
65	437	3.7605058060278185
65	456	1.735266110056197
65	473	1.2912077072489696
65	478	4.310329112609761
65	480	1.415292056037035
65	498	1.4787662214155786
66	82	1.6824178373850747
66	107	1.8805094340524828
66	120	1.8082905255584043
66	147	1.8091424005078256
66	182	3.021454301466174
66	199	1.388142539654446
66	213	1.2415360448627824
66	223	2.019327000088618
66	248	1.3059418390502775
66	277	1.4963020272488003
66	309	4.167573288951567
66	324	1.9140572677111818
66	360	1.6634668129644847
66	443	1.7773537159134356
66	490	1.5407178862667574
67	106	3.64352509667226
67	176	2.2713934057164313
67	332	1.7412106749640341
67	473	4.426266263023528
67	480	1.5577484325977646
68	69	1.9913444417350703
68	111	2.4092512446658434
68	174	1.9054113944948157
68	237	2.393851047595387
68	279	1.5352752889046823
68	304	1.4578565955488738
68	351	6.050251123171659
68	454	1.3279462347847273
69	110	1.2826863845304521
69	114	1.5116914368454257
69	130	1.6570869088137166
69	138	2.4208216786645567
69	143	1.6122274330734192
69	153	3.7727186506756665
69	163	1.5643480194607253
69	176	2.2766301173583945
69	194	2.1194034037544274
69	209	1.9315684379193307
69	212	2.0060374423388523
69	242	2.1280756581017757
69	313	2.026751833353752
69	421	2.1906065164791597
69	429	2.198291616476891
70	92	2.2145558084001693
70	126	2.446875729495174
70	137	2.4760546874653038
70	163	2.0375337545486913
70	201	1.3352942237117853
70	212	2.356865598448931
70	250	2.3740479228418683
70	295	1.5495808225928775
70	325	3.7585746364691897
70	377	1.470908292639771
70	386	1.6400851594590555
70	405	1.395617058873698
70	421	1.6940458630901467
70	445	1.7807450323137175
70	479	1.8023453147820183
70	492	1.255635170069372
71	170	2.426074733263455
71	253	1.2374193618047002
71	262	1.4963400693795315
71	338	2.293008250381334
71	350	1.9942411137128901
71	454	4.43962576424606
71	470	2.212007074014605
72	86	1.8892404330558727
72	93	1.259211226936708
72	147	2.4848021727594993
72	161	2.067462093464541
72	191	1.7728535276655968
72	192	2.8882054017157763
72	247	1.4141700646991069
72	334	2.200162938221084
72	345	2.461877509222888
72	349	1.2307631694643575
72	359	2.214554691046891
72	452	1.3454662623068139
72	464	2.087550819442635
73	140	1.9611585041547284
73	216	1.8794442628863388
73	227	2.450573842236935
73	251	2.055988687614545
73	328	2.4273853545069306
73	332	1.5805006329135578
73	335	1.9548146380921536
73	389	1.9794244984186848
73	435	1.284472019250479
73	456	1.6361880361057797
73	463	1.5920673843516144
73	473	1.6818949624657653
73	498	1.9848683587522546
74	140	3.958576332068968
74	166	1.2334555102111482
74	194	1.3606614052860366
74	250	2.441537100670481
74	322	2.2903324465148094
74	376	2.3783218006726656
74	493	4.432516911759395
75	81	2.5805461020432023
75	184	1.2492959972504996
75	244	1.8003592464668672
75	245	2.452865318482413
75	367	1.5250735382709872
75	376	2.0340877420748145
75	450	2.4983488925994632
75	454	2.3005102396028914
75	497	1.325492481427179
75	498	2.1607220368269084
76	162	2.2180833266339732
76	213	1.6223812737887693
76	248	1.816497510365203
76	276	4.772683836809385
76	277	2.0506970364075316
76	282	1.7067234087908978
76	408	2.267189201414478
76	410	1.9362033359097635
76	450	1.8386105553084509
76	463	2.4786080419163428
76	475	1.8223894634567435
76	489	2.067010648492826
77	97	1.874402008320326
77	207	2.2542220434614895
77	210	2.080796685422071
77	304	2.222104751524626
77	338	2.2057618904957765
77	350	1.7486016251878604
77	369	1.5547149525375121
77	397	1.8465635624168293
77	406	1.740463779467769
77	454	2.4317722787771
77	488	1.2058367199421327
78	99	1.7522399627539098
78	130	1.8762466772837019
78	140	2.0705294384455883
78	179	1.8853547409890974
78	190	2.4559034646442055
78	209	1.2846531523271711
78	294	2.038852985117492
78	425	1.8193280839722736
78	439	1.447457805687903
79	94	1.7320132707918354
79	117	1.8877654933538135
79	131	1.2993169385024195
79	254	1.2831343349632334
79	269	4.2192332706899585
79	323	1.3312408666579423
79	341	2.0560086735440364
79	391	1.3440890666411462
79	394	1.8566845989765368
79	403	1.7140840371710282
80	135	2.133382334455132
80	220	4.661538880990575
80	233	1.2672425778415675
80	293	1.5300296067717267
80	346	2.3645956584019783
80	347	2.1607412530628056
80	464	1.7084250986038931
81	109	1.2572811193165039
81	201	1.4545754784212104
81	244	2.104495759782841
81	255	1.248224974961245
81	276	1.26621633218791
81	284	2.2803012715268913
81	288	2.202359197313009
81	316	2.26266702803393
81	324	1.823556806079602
81	378	1.710922257480176
81	394	1.7429318627976191
81	401	1.4369466586945219
81	436	1.2825595192052477
82	185	2.3491269555523226
82	381	2.3627717774895807
82	406	1.9514410954734154
82	469	2.3454926665094993
82	489	2.2123423695613376
83	158	1.388181766058232
83	227	1.6695563173547214
83	254	1.8147159201079477
83	299	1.4283722341012044
83	303	2.3341035891516086
83	390	1.7483526891745058
83	456	1.952934979904204
83	466	3.3895289760693226
83	473	2.455477132135366
83	498	1.2213043518264144
84	298	4.241649608616459
84	388	3.2721101321989297
84	393	1.585890291838264
85	98	2.0120993225157284
85	114	1.9622913061817784
85	144	1.3731731527144828
85	150	1.3606052346979112
85	168	2.2206790884156637
85	180	1.3802540778114156
85	183	1.2062597807487965
85	203	2.1756152647513556
85	347	1.3971566569052105
85	382	1.5432811401140745
85	470	2.110552757336013
86	197	1.9756213872575952
86	220	2.1789903914014475
86	339	1.2766593280480272
86	358	2.040459923761667
86	386	1.4339540228634853
86	427	3.008837858869424
87	104	1.4218351180016968
87	107	1.2969044159549687
87	201	1.876298943686312
87	255	3.5875620316103256
87	279	2.0594205481493835
87	316	2.5585627595218425
87	364	1.7216486609318067
87	433	2.2448973113825126
87	497	1.8996403039496517
88	159	1.891590478385762
88	183	2.485311044021167
88	214	2.160464721696235
88	242	2.1369243337291164
88	292	1.9044262338395406
88	337	1.5758473816561076
88	357	2.2000232162953726
88	376	2.0717634383327597
88	393	2.515076278601228
88	404	2.2289407078519945
88	447	2.1986890459854385
88	457	1.4560490794186838
89	115	4.117677456864215
89	128	1.9723613208829567
89	162	2.011804838543408
89	267	2.371838487618744
89	343	1.4446909330065005
89	358	1.3267538633088043
89	442	2.3625695870300927
89	444	1.7131625812163667
89	462	2.4117881385766964
90	106	1.5157878092046253
90	145	1.9529049645059358
90	165	1.5543457784891455
90	316	2.231159508638213
90	364	1.427102653755322
90	378	1.4407430083484853
90	431	1.4203545107465723
90	495	2.1544727365899115
90	497	2.4836492663884235
91	176	2.489143895770395
91	196	1.8374337774000071
91	205	1.9856307709314411
91	242	2.2127659610134325
91	437	2.200443977467854
91	498	3.646911625133219
92	137	1.5534170526766455
92	151	1.4282250356904707
92	167	1.761272983147647
92	179	1.739454725562667
92	204	1.2447472446208054
92	229	3.596412281289575
92	327	1.644806045397723
92	377	2.207618476513451
92	394	1.9898017561689887
92	471	2.0220135945305926
92	492	1.4018121219064295
93	113	1.547631578466352
93	135	1.7333578762333859
93	191	1.2764619830279145
93	220	2.1565868415224294
93	232	1.8132333245544934
93	271	2.1509170777181517
93	299	1.719820095741063
93	422	2.458075903313541
94	105	2.3381163050592217
94	127	1.3992383785674738
94	260	1.2927277403123503
94	267	1.968226128061709
94	308	1.6171930035374635
94	343	1.6842770582852014
94	418	2.0379281720007443
94	420	3.8108475597382254
94	487	2.0665885577063827
95	239	2.1028186512860625
95	310	2.4936128378750366
95	341	2.4344476080560153
95	348	1.691740103822189
95	384	2.37710978554676
95	400	2.385771970151569
95	419	1.4773492389802074
95	472	1.5565022737268466
95	481	2.961207959489223
95	499	1.235378914991566
96	106	1.398091346991044
96	142	1.2645064103726258
96	224	2.043297432395786
96	266	1.4684736386760917
96	342	1.3232701144906769
96	366	1.3761565372514513
96	406	1.6241803229127463
96	454	1.4700153865900896
96	455	2.2453806888358487
96	477	1.493604020988221
97	123	1.8769432425529016
97	207	1.220395944926787
97	236	1.9056629441067718
97	253	1.480347494742762
97	351	1.803137278071124
97	397	1.2010106090771508
97	458	2.4189347117949396
97	460	1.6271333962181669
98	124	3.72478892300884
98	180	1.7547394475951408
98	226	2.2088854592554563
98	247	1.6863919776223524
98	252	1.2485499853980564
98	273	2.0278904041629016
98	292	1.7716915695236972
98	356	2.0775320191463402
98	438	2.487008675294927
99	143	1.6192752952751022
99	146	1.730547953540745
99	274	1.8841505443080178
99	278	2.0011105743867885
99	355	2.3079920735351958
99	366	1.2185284869729118
99	405	1.23794939863382
99	413	1.2593211150182093
99	445	2.4547865759887992
99	493	1.546271459694255
100	118	1.6001859102983171
100	129	3.5266312028435616
100	169	1.646503016273635
100	179	1.7754921793412737
100	218	1.9804674346780198
100	230	1.204898275355593
100	260	2.364604493507687
100	284	2.264568817686601
100	323	1.4488748400816132
100	355	2.468617854775934
100	400	2.4181218296162683
100	414	2.1844739303157668
100	423	2.1509765846417666
100	428	1.358958282903599
100	434	2.3713687635792944
101	147	2.0847286854593743
101	168	1.9745571477312418
101	226	3.5385710324546893
101	290	1.2527428855476803
101	356	1.7191809996900265
101	375	3.9082553889107836
101	407	1.2504931070836116
101	419	1.572200565381419
102	165	2.0748414520058027
102	300	1.408190087095853
102	338	2.250912550559879
102	418	2.0599444885913893
102	438	1.7822333601560465
102	460	1.8003965111662366
102	470	1.3871859892639893
102	477	1.639630441851061
102	483	1.7000083068743637
102	488	2.406676067781521
103	105	2.1193857847901425
103	106	1.300565378018206
103	157	2.201589009296169
103	263	1.8193882414154257
103	399	1.4936614851872672
103	404	1.4258343149580814
103	409	2.263181066975762
103	440	1.6470334042978978
104	149	4.030794936067717
104	158	1.70761620112116
104	168	1.903301344433175
104	180	1.4905065934054662
104	426	2.2177324754170877
105	128	1.33944602433374
105	193	1.6277104253854553
105	201	1.2800133129515245
105	230	1.7912531030823504
105	241	2.49694036836425
105	244	1.4602292632472913
105	319	3.6136705796189017
105	420	1.2565684642263055
105	463	3.3081420097140013
105	487	2.231856370936243
106	176	1.2602844064308478
106	205	1.3816809850065028
106	235	1.6909646969418886
106	263	2.0552710292562164
106	361	1.3108359319400034
106	424	1.3301989517888966
106	435	3.637763314932054
106	466	1.984455136148444
107	115	1.5246088542800313
107	136	2.108514637783673
107	154	1.5765705025055194
107	213	1.6808246224689483
107	276	2.112141498035567
107	309	1.5985632847380935
107	324	1.5513843469122224
107	326	1.9165577216402299
107	349	1.3693233117694015
107	360	2.380108112850258
107	375	1.3326028390925606
107	408	1.261121182200075
107	475	1.7234960519543914
107	490	3.1598787214601636
108	111	1.2021089221511465
108	114	1.960457462386465
108	160	2.482963855890981
108	280	2.176930460085955
108	342	2.092116205565538
108	350	2.2179982423152094
108	415	2.8842244165918762
108	455	1.6225576132458286
108	467	2.414316435898914
108	485	3.4458021014195754
109	111	2.3096894051143715
109	178	1.3109807241575953
109	223	1.5186302274230934
109	415	2.182867692992033
110	140	1.8643295773514335
110	151	2.0977578053520487
110	229	1.2793629803847628
110	240	1.2867066899076447
110	307	1.2152507736231657
110	325	1.5257432457632236
110	402	2.485995064469023
110	403	1.4416341824423986
110	445	1.4056179962573923
111	160	2.060240430035895
111	253	2.041590793544418
111	305	2.122465367672782
111	350	1.3835816917060637
111	454	1.3470916751826407
111	460	2.193422032499089
111	470	2.2293851101040194
112	184	2.346556666200632
112	189	1.7637603384170577
112	245	2.394927074680697
112	258	1.8758186723420192
112	353	2.298757268778533
112	371	1.246869310039062
112	376	1.3709567625339465
112	411	2.366735245063031
112	433	1.5537282672523351
112	476	1.8494833658742438
113	140	2.046078631341225
113	232	2.3615077355147185
113	233	1.6378886663216496
113	259	4.1793084701680545
113	271	3.515322800853515
113	393	1.2717348181885584
114	130	1.2197811536882281
114	304	1.4774193417871777
114	350	2.1278486661410634
114	460	3.5411279892116165
115	127	1.6139905132344077
115	308	1.4464215009339239
115	313	1.5123538443198958
115	352	2.0966996214886695
115	362	2.0421501039792154
115	418	2.1416788917675986
115	442	2.399014999754251
115	447	1.8161478283383563
115	467	1.9547110230111793
116	195	1.7910962344162342
116	330	3.950433285023143
116	366	1.4712320649406518
116	379	1.242267607361744
116	441	4.256195748165616
117	186	4.548012660105325
117	256	2.198911961954661
117	269	1.8559276811908112
117	307	1.269637555803823
117	398	2.321714809981165
117	402	2.499674903502701
117	414	1.4380973010800484
117	491	4.212816208946252
118	193	2.0711738082160775
118	230	1.6236216068965965
118	285	1.9593805426217488
118	290	2.0421414347394435
118	306	1.3902385071917611
118	400	3.4031631941730396
118	414	2.188753037388269
118	499	1.50697413669571
119	123	2.2394885627348304
119	155	2.0053707239927308
119	225	2.273553344933683
119	244	1.6118508759406298
119	279	3.636977287808249
119	287	1.7238230353200121
119	321	1.9827862146775241
119	364	1.5530257349167274
119	367	1.2301598870584969
119	431	1.3038220190362637
119	433	2.2210173034654535
119	476	1.739271612704623
120	132	2.3595886017756857
120	162	1.227823856419847
120	199	1.493266031018299
120	248	3.6629587890781288
120	255	1.2030450433069926
120	277	1.2206967013626389
120	279	1.7459956229142415
120	283	1.825043373523286
120	324	1.755288561700093
120	326	1.3569592026862751
120	381	1.7966293144726486
120	390	1.3997982935121114
120	417	2.4068700196070356
120	469	1.3080216121294914
120	480	2.0353147786579804
120	489	3.5945842924201674
121	148	1.7716452542529497
121	165	3.6325545723508847
121	184	1.7494870609353443
121	219	1.4142685100154173
121	244	1.4776551955077784
121	246	1.2970611536864003
121	316	1.6913376746110602
121	353	2.440675601036998
121	364	2.108644714428671
121	371	1.7287838621434057
121	379	2.4196386847263525
121	380	3.42766656612121
121	431	2.4786459388680364
121	436	1.577409525764614
122	123	1.7610423148373497
122	157	2.0811405795395794
122	238	2.4463449535702484
122	286	2.0270796305516274
122	292	1.5332654075361585
122	441	1.219523314811436
122	453	4.26861954950135
122	484	1.2044795219550195
122	493	2.17836582227989
123	169	1.3133721049864906
123	217	1.959026159259003
123	235	1.5553408392586439
123	283	2.457629653650284
123	318	1.6946479172725437
123	392	1.576389098680421
123	440	4.191522881966655
124	149	1.3093709771884046
124	150	1.9720609463870546
124	226	2.1408713304529328
124	252	1.2318673624629088
124	329	2.134860585462903
124	340	2.098641875207274
124	374	2.4730646997242753
124	382	1.3347056217573658
125	188	2.174839797669951
125	219	1.765934037365906
125	225	4.103172902570104
125	279	1.8673141027582758
125	371	2.4138388665910897
125	380	2.1413976864787845
125	497	2.192841290500834
126	139	1.721285634278574
126	179	1.6716081854334006
126	194	1.8213742672343194
126	295	2.335528837769342
126	445	1.3565467728467817
126	453	1.2416733559759516
127	193	1.266886011769798
127	262	1.724823615827611
127	267	2.3564024228750866
127	273	1.4831926094032775
127	275	1.4344187405414026
127	319	2.1311689238507574
127	335	2.0533408674611198
127	340	1.2953886085918283
127	397	1.2736083504669153
127	420	2.402343932182607
127	471	2.2545558493980837
128	231	1.4828839145203725
128	237	1.2388565553884832
128	252	2.322320527544587
128	267	1.698122104096546
128	313	1.3786793380010587
128	333	4.505763348379315
128	372	2.3449927677155897
128	405	2.416594719867577
128	418	2.163519162864076
128	420	1.8461414280192892
128	447	2.1825114032189523
129	224	1.8754811282360246
129	256	2.1164804423297836
129	296	1.4135433158527795
129	382	2.477582041230857
129	387	1.666861637603973
129	474	2.4416378362907123
130	144	1.381513142440033
130	212	1.2463659363451909
130	240	2.175455082232358
130	277	2.1110082564477466
130	325	1.6842704675421105
130	370	2.3726474781941933
130	405	1.2325456838045483
130	413	2.305099384255288
130	418	2.0098103346249645
131	133	2.0432170876583493
131	172	1.612878605198204
131	299	1.7631322938039231
131	306	1.2213703690892999
131	341	1.429444321595379
131	355	1.7534828961031244
131	358	1.9329913021352263
131	375	1.880855730345817
131	384	1.410795013958055
131	385	2.3470453354836276
131	499	1.308639850357359
132	153	1.9209175038547075
132	162	1.6744748186448026
132	182	1.3233547310357328
132	199	1.5391405822897264
132	261	1.6817547249797749
132	276	2.3553875037868455
132	282	3.9537051789573634
132	311	1.2992123892948024
132	324	2.495746556811145
132	333	2.037068743945584
132	365	2.249334102355082
132	381	2.204722741773767
132	389	2.3647826952235826
132	410	2.3427411120904775
132	489	1.9504936647078477
132	494	2.142309404788362
133	285	2.2729917714655983
133	306	1.7431288950146606
133	310	2.3261381205179807
133	442	2.468479641587792
133	481	2.0241176481866243
133	482	1.6610999858393358
134	202	1.7786501774821728
134	227	1.2222598376691236
134	251	1.2348556050883872
134	263	1.31507105999544
134	264	1.4401341669468242
134	332	1.602675557551906
134	335	1.7665208746865406
134	478	1.5338833722816752
134	480	2.0490651308616727
135	197	1.203716604408237
135	220	1.296298174788531
135	228	1.885932067674975
135	293	2.458357825969469
135	359	2.0615900252997736
135	422	2.2283843566587085
135	452	2.049648286724503
135	479	1.5533769526692591
136	152	2.339543693964649
136	172	1.92707109175717
136	180	1.989344643033934
136	216	1.695229412306044
137	190	1.5195308026429877
137	229	1.9327751474853891
137	240	1.5327099754385787
137	266	1.915063713264182
137	268	1.6812592028758926
137	278	1.639208685902904
137	286	3.635367112872853
137	335	2.0865502551460096
137	372	1.9138272751256715
137	394	2.219058964709329
137	445	1.603739027431818
137	459	2.123174237093991
138	190	1.9294590474592606
138	272	1.9918858483184607
138	278	2.388109030914029
138	286	2.2552952871332037
138	421	2.3342093194490023
138	441	1.872431146382211
138	451	2.0475366264325094
138	492	1.5432833326461375
138	496	2.3134874245891526
139	213	2.4863194631715513
139	260	2.2356089365818748
139	270	1.285305023373832
139	319	1.2262869730811277
139	333	1.8833556274003271
139	352	2.153269911932909
139	396	1.2128116113215237
139	467	2.0150252714965937
139	489	1.2898941395737002
140	204	3.946237981060973
140	273	2.4373465750789056
140	405	1.2976425297989571
140	493	1.5452733234112181
141	147	2.399359186707127
141	152	2.4768532602665627
141	168	2.3518887447204424
141	200	2.4945629737863837
141	216	2.4570697564212924
141	252	2.48105721593066
141	340	2.3880362397876618
141	341	1.2728857573506112
141	426	4.756511719100418
141	444	1.7666814501125885
141	458	1.652378404854527
142	160	1.4013358453871512
142	219	1.8164677952152584
142	234	1.926506905533247
142	258	2.2193501196401577
142	262	2.0596087511098498
142	338	1.402998760187053
142	351	1.3538622793747284
142	393	2.387656302535504
142	397	1.901698931684363
142	415	2.1387938629879275
142	444	1.9854709268551989
142	488	1.3403134036295297
143	179	1.9010484394135054
143	182	1.2717795831041114
143	248	1.4791294980888805
143	272	2.294584111538462
143	274	1.2985884242981114
143	312	1.6217815621014204
143	431	1.3173946171315163
143	432	1.8478116594156395
143	459	2.35791300062321
143	463	1.5024059854425185
144	168	2.082679143207585
144	216	1.72439356603563
144	356	1.8939162460698133
144	375	2.4033970893694843
144	444	2.4767799684983185
144	470	2.4985710826420866
145	225	1.700081065472392
145	227	1.4600338044823402
145	356	1.2217365359010062
145	424	2.419443793013926
146	199	1.9586486645404397
146	209	1.206019714944434
146	240	2.213992078723308
146	286	2.334317617308372
146	370	2.2922264868365962
146	394	1.3338534200942158
146	413	1.2131020808718334
146	415	1.422825806524303
146	421	1.2475723524336162
146	435	1.939417387610292
146	439	1.7409584048534468
146	459	1.412089419271625
147	150	3.546541510394623
147	154	2.199950563609983
147	249	1.8422179222653285
147	252	2.311392952424832
147	340	4.0958787553399825
147	396	1.6275783457322603
147	419	2.4055830417589714
148	183	1.4957512853262107
148	255	1.915325058843092
148	316	1.6288249822588325
148	411	1.2404678042134334
148	425	1.8841693996605722
148	431	2.2079952088656594
148	476	1.4616256058600299
149	150	3.7109596200864434
149	154	1.409988512391416
149	158	2.3226699157108053
149	168	1.6176764627701876
149	226	2.215595291312774
149	340	2.1097993577880954
149	362	2.2556525079701566
149	458	1.7250634164768823
150	252	3.7837670087672395
150	285	2.116733424500701
150	287	2.395825414310667
150	294	1.8327400393952484
150	375	1.245281379631466
150	402	2.087151242537665
150	406	2.183274675498856
150	412	1.6355188547460313
150	419	1.276793139612563
151	221	2.4811542301745635
151	394	1.3241281739417954
151	451	1.6947666827215029
152	162	2.2548340267334326
152	213	2.4180457393030395
152	337	1.2225112535518023
152	356	3.428567749996988
152	433	2.0517926237882302
153	167	2.417500483552538
153	175	1.8738189150217013
153	190	1.3191392051514879
153	199	2.3943391405938144
153	493	1.6946778463202505
154	216	1.7751963872467806
154	226	1.875421663812629
154	249	2.0774354398155457
154	297	2.3964601425671415
154	336	4.989240825101145
154	340	6.786867771521104
154	356	2.3690777140957904
154	375	1.6579149032916543
154	376	2.452609337878431
154	406	2.245072869616832
154	426	1.7829377450479438
154	443	2.035728515220799
155	171	2.1351929674269297
155	219	2.263205834909784
155	246	1.7080704017627553
155	316	1.5235899015120136
155	321	1.588675022691767
155	416	1.3524039439440154
156	215	2.0402290659088123
156	256	1.6836821758504974
156	310	1.8887995612788187
156	355	2.370601923909809
156	402	2.4068157854339196
156	444	1.7769405044049174
157	214	1.4455495679415475
157	265	1.6385092177535887
157	266	2.331894437140323
157	268	2.023734978083189
157	337	1.3640960049589148
157	383	2.001643582188876
157	441	2.201908996511828
157	498	2.427346305683951
158	216	2.2995764889242247
158	237	2.1017121624341866
158	249	2.068473088172447
158	301	1.6968413365983557
158	375	4.485419564873586
158	392	2.2322342234392893
158	417	1.6276858290676544
158	419	1.3156335781529078
159	168	2.3662674917537654
159	183	1.9716067903309948
159	235	2.0609503212979186
159	269	1.9671916983464621
159	289	2.045272269385043
159	330	1.605762851776813
159	337	2.272606147038544
159	366	1.4210102531238962
159	441	1.3726326283115826
159	449	2.2926677224842167
159	468	2.231424230115809
159	473	1.6178883727980131
160	170	3.998222884550868
160	262	2.147551143773339
160	286	1.2952547740298408
160	415	2.379296971379496
160	470	2.0865176944678456
160	485	1.8695849682987524
161	191	2.4847526678017537
161	228	2.479885961861683
161	345	1.7599925654335897
161	373	1.5638524753452634
161	422	1.8645773898718803
161	446	1.362393677093858
162	199	2.2654666564509207
162	218	2.1142609048705845
162	330	1.4860474860333546
162	346	2.416450347736662
162	391	2.290669577406973
162	408	2.356634501726679
162	479	1.4341737399091135
162	494	1.8749000044056365
163	166	1.2156609038282127
163	167	1.7200796737564374
163	240	1.8479528135856849
163	274	2.4706792490182394
163	432	2.22446550853091
164	376	1.4995791000963337
164	428	2.213845052310426
165	245	2.3720968725036258
165	246	3.495403763495582
165	287	4.340761567014201
165	321	2.009674764402316
165	371	1.628807830637233
165	380	3.9271107582480522
165	411	2.185010090011624
166	194	1.8379764911755028
166	212	3.8526538637783445
166	240	2.3821227953425574
166	295	2.430018839784772
166	325	3.755177990647248
167	229	1.532510252274299
167	240	1.7644657722725499
167	286	1.328489664441498
167	386	1.8550678911957295
167	493	1.8787809061017584
168	181	2.0697054794741123
168	249	1.9978502500577988
168	301	1.9499018076098094
168	323	1.7095315243699094
168	382	2.393220396961988
169	206	4.028365335547246
169	306	2.8546121542091143
169	315	1.5557624667255068
169	341	2.1681425888017225
169	412	4.6938770159924035
169	472	1.7534917709934352
170	196	1.2923259420361524
170	207	3.234513968719523
170	280	1.5972226011204445
170	321	1.793421563206907
170	470	1.5934879442339054
170	477	1.2726848466198282
170	488	2.101780918016789
171	195	1.55498201566486
171	366	2.3542788228507217
171	393	1.388400204499202
172	296	1.224209156267926
172	306	1.5986277850678663
172	323	1.2445517583326804
172	336	1.718638477970079
172	384	1.8262762163802955
172	467	2.3215738234651377
172	472	2.3313693186024245
172	474	2.2781354307907016
172	486	2.3261058158625536
172	488	2.000664043665047
173	182	1.2967844814576628
173	185	1.5655162431162637
173	199	1.7128798607333002
173	282	1.905793253354802
173	450	1.9271045918993766
173	479	2.3704114201527386
174	196	2.403704123129333
174	262	1.602563898753439
174	342	1.6252291280477191
174	351	1.598108524260243
174	415	2.361596392182531
174	460	1.2557036152741672
174	464	2.2450006228532526
174	485	1.860364627585609
175	237	1.9931153456922248
175	343	1.9108696359152555
175	362	1.976762890637545
175	496	1.653249708324839
176	264	2.3874693537500526
176	302	1.5639102519746018
176	303	1.2900560504390377
176	344	2.080467816229936
176	361	2.042678365012472
176	424	3.288090901833547
177	273	1.2593780951457294
177	274	2.4140841356537925
177	280	2.2739257963176236
177	332	1.2670864053166957
177	381	1.5520487484262149
177	404	2.0014291048119026
177	460	1.3326896856583892
178	224	2.0735350034383018
178	342	1.4952702579295738
178	351	1.4162234695600304
178	397	1.5028428280982598
178	406	1.4465134149090595
178	454	2.181299553337909
178	477	2.062346238862378
178	485	2.4064650296140386
179	190	2.3195220761452227
179	194	1.8767948492608522
179	204	2.292569378506937
179	229	1.3544201743581896
179	257	1.3620197581952393
179	325	2.1366996812199903
179	327	1.267387049924512
179	405	2.1395492654557184
179	439	1.2089542994526867
179	445	2.1004739044538874
180	329	1.7303521002076765
180	356	2.2605724663351667
180	382	1.587860679726559
181	197	2.0980605006772133
181	233	1.863102916218951
181	311	1.390972418553846
181	334	1.7537069760957877
181	349	2.4440065926872387
181	354	2.336580030604617
181	446	2.21310574649977
181	457	2.2227283518068193
181	464	2.3686872770971252
182	197	1.3167182578188736
182	276	2.698175564240894
182	352	2.3036031105100534
182	390	2.0074922142753455
182	395	2.1623979815569188
182	430	1.2000758000031304
182	489	1.8756622761811204
182	490	3.9388540301462567
183	195	2.125156869851013
183	252	2.0392463327257415
183	383	2.1258018680089674
183	409	1.5447856594541998
183	459	2.3628283137644304
183	477	1.3387224021787079
183	484	3.5944616923343027
184	188	2.482484363850163
184	244	1.9824079445689669
184	255	2.036776241401141
184	399	2.1070420199264763
184	430	2.1388805986074337
184	436	1.7784642791349403
184	476	2.469353535072738
184	498	2.3171232497544163
185	283	1.6510458832294423
185	309	1.5271353164523895
185	324	2.2039988082292576
185	359	1.5081409623482962
185	360	1.5368649988503187
185	374	2.3135478265277367
185	410	1.918467688412516
185	430	2.046035013018547
185	443	1.9530475635496383
185	461	1.7322014534178738
185	469	1.5808101567974655
185	475	1.8844447143989407
185	480	2.175843329569524
186	307	4.0263735179877385
186	323	2.489058693437634
186	398	1.6662257640932792
186	414	2.4886220802832364
187	192	1.3497605503329224
187	220	1.410841364637577
187	241	1.8570007116163083
187	259	2.4176667039558737
187	293	1.5720318174095584
187	345	1.3772256524536874
187	373	1.4402356686741833
187	446	1.5299700997703776
188	225	2.4892802586048073
188	254	1.2701080671331355
188	301	2.117460839461648
188	380	1.725956358939327
188	431	2.096653871514801
188	436	1.3134037116719661
189	201	1.6359701912341942
189	252	1.5211952258135548
189	321	2.2386076944802538
189	380	4.049821606062734
189	411	2.3618130931008747
189	433	1.8906489098849653
190	250	1.401839408575109
190	306	1.2520705204937632
190	421	1.2050249677888853
191	293	1.4705011620502932
191	299	1.6591558701778109
191	302	2.1386487862099837
191	311	2.2736854788293477
191	345	1.4685882022184114
191	373	2.2290958521468536
191	420	1.7851895822734245
191	473	2.183788320479155
191	476	1.9531258487352232
192	220	2.4550613240775077
192	259	1.7979111723141927
192	334	1.696021925538061
192	346	1.9213475140469936
192	354	1.9497595232408196
192	373	2.476264799298251
192	430	2.495462153929956
192	464	2.308509512438248
192	472	1.7642393974001607
193	237	1.5770806474964763
193	268	1.969923743231679
193	313	2.1691678685415177
193	343	4.078575683798795
193	385	2.498608136662691
193	467	1.322288656580982
194	209	2.2010434327272845
194	405	1.3104153961580127
194	451	1.4941374775258442
195	235	1.4495993783085108
195	242	1.9516565407573676
195	266	4.247268296946727
195	379	1.9621207113919332
195	387	2.243245738826223
195	444	2.1925759520251473
195	449	1.6611922255904403
196	234	1.5576849516093103
196	253	1.8624059554762034
196	262	1.263447676176763
196	289	1.5083956935173415
196	350	1.7697017057247595
196	455	4.344241133553616
197	247	1.9828502762601254
197	328	1.239758075887065
197	345	1.4662883795226476
197	349	1.5457068846494013
197	361	1.7169863213605732
197	452	1.341037183080372
198	207	1.6746048922095973
198	210	2.269683643508036
198	298	2.0053906527194276
199	217	2.1876274421858746
199	223	2.2453425510499025
199	248	1.271360048324663
199	326	2.4762390188944696
199	365	1.4863889231375977
199	410	2.3223970966837832
199	443	1.6287792456815768
199	483	1.4675892676428157
200	207	1.2389490134931156
200	314	3.3507997497528823
200	351	1.37046804517496
200	404	1.4105421103187656
200	406	1.209641843523927
201	239	1.4791976038701828
201	245	1.4500792356084569
201	255	2.43035353212594
201	271	1.8016546192876564
201	288	1.3840778273690655
201	303	1.5483918514701438
201	316	2.358821293598556
201	367	4.0034572397426835
201	378	2.058897966570984
201	385	2.41652433506557
201	411	1.9998282782390655
201	451	1.8733161449914708
201	497	1.8202541046494087
202	261	2.439404616467443
202	292	2.0780612148107354
202	299	1.3216753445979696
202	305	2.27698865342317
202	346	1.5711692553829606
202	349	1.558792469986976
202	368	1.8993463680713736
202	427	1.8613514683159833
202	452	1.9000014683455166
202	491	1.5570409520439112
203	297	1.623332580580066
203	333	1.705695278058736
203	353	2.27273825316254
204	229	1.5764883914615826
204	295	2.332374825743604
204	327	3.506951449164921
204	370	2.156738493821207
204	413	1.9576924435974812
204	459	1.523996758746426
204	464	2.3636167914002697
204	492	2.0255368989292197
205	227	1.8761406168948611
205	251	3.518949580565372
205	390	4.2331961785981385
205	401	2.4033185937566603
205	456	1.9851185337724189
205	466	2.42563213600951
205	480	1.2257660058661957
205	498	2.4406605317061407
206	269	1.5275352915553733
206	339	1.942950217289872
206	383	1.9662834311336332
206	401	1.6252561010714501
206	402	2.1416124654152173
206	414	1.434898797422121
206	474	1.6631144830782747
207	262	1.5434395009987258
207	265	2.1376262395451042
207	300	1.7112491329145647
207	330	2.336652136972425
207	470	1.6948623753692047
208	209	2.2206544771011587
208	325	1.829407455004224
208	386	1.714034573545657
208	401	1.7976464676738004
208	425	1.9277192130622836
208	429	1.654305487394536
208	439	1.2337150151870868
209	272	4.135377545064527
209	286	2.4422506591003144
209	394	1.6683855371710474
209	413	1.857515792338213
209	493	1.367332481337841
210	234	2.096287964767163
210	314	1.2384647811143095
210	339	1.2190825401602814
210	382	2.1805361136632513
210	483	1.8017101348919922
211	237	1.710916639649617
211	267	5.6403612993555345
211	306	1.5080956562704757
211	313	2.223299053062536
211	319	3.694585324053591
211	333	1.2317290035588078
211	463	2.2646126397776936
211	471	1.9157126890155864
211	487	3.167932694296074
211	488	1.7329014924924422
212	223	2.118179486915561
212	286	1.8022796174122138
212	370	1.6307294040371505
212	377	1.7627994513710235
212	421	2.0933697012773225
212	491	1.360139057568732
212	492	1.2656938314053492
213	218	1.5280221667839018
213	223	1.3999780803610853
213	276	1.347309908517184
213	410	1.426298835182109
213	447	1.3792343710165467
213	488	1.4230781558045602
214	235	1.6317935159346098
214	266	2.456547104760391
214	289	1.692192417170878
214	330	1.8511414066557803
215	239	1.726543779785585
215	285	2.022341799577099
215	290	2.441198237131401
215	296	2.194398997490091
215	307	2.4596717795546987
215	310	1.6224304990975718
215	369	1.6612856566295762
215	414	2.2554469821028897
216	293	1.9161665974451045
216	373	1.9971012175775025
216	469	1.9438755298028214
217	399	1.2681835294223807
217	432	1.502423149427272
218	273	2.2910415772542825
218	282	2.0469921692495943
218	283	2.1950582166174613
218	315	2.3009550166443615
218	324	2.391080380035044
218	408	1.9738390046447207
218	469	2.165428668073309
218	483	2.051304954683589
218	489	2.4160024694043747
219	353	1.5271547115457949
219	431	2.4114404281843207
219	433	2.162158802471592
219	467	2.3994426951405945
219	476	1.2718938037324103
219	495	1.5588516883286399
220	228	2.0326301014319945
220	257	1.3129004471500823
220	296	2.365456793714384
220	311	1.341387569165962
220	341	2.110965650534094
220	446	1.8509679382862405
221	477	1.453503781697648
222	249	2.2325419906204456
222	404	2.2987851141712152
223	227	2.4018478435722965
223	351	1.5264038730515375
223	381	1.7383640616607607
223	395	1.7248657111627983
223	436	1.6363631134054173
223	469	4.350084494431057
224	253	1.8604853597028042
224	406	1.3260304252612696
224	415	1.8923247060161934
224	450	2.174186149554641
224	458	1.3916671602785506
225	244	1.5933504187569492
225	246	1.375714818474878
225	284	2.053835497918394
225	288	2.1317225647120637
225	321	4.894972102599925
225	341	1.4795279177720837
226	268	1.9866155029306807
226	301	1.7321882095152388
226	329	2.4787285814086077
226	382	1.7047782327996768
226	419	1.714288742798853
227	302	1.2278214483297325
227	344	2.245429284009858
228	233	1.8000330347071867
228	250	2.4979100994829095
228	299	2.0650178070577123
228	328	1.4854597802043397
228	331	1.2058456861222455
228	387	1.4755265781740716
228	409	2.4330240974078743
228	427	1.6276675165051175
228	434	1.2701358854575513
228	452	2.2537507052293826
228	464	1.472816222207784
229	278	2.008124789846692
229	286	2.2564269569675712
229	293	2.372178033735141
229	327	1.214136720136247
229	346	1.8148737753353816
229	432	2.1375141224121608
229	471	1.688559097412238
229	493	1.4631203952004168
229	496	1.8032919114762946
230	306	2.323124841148066
230	339	2.2568094335852935
230	398	1.5155112472922225
230	476	1.4629630351984444
231	247	1.9430006631686139
231	267	1.6489804672192727
231	281	2.11546517535393
231	496	2.10010993045121
232	247	2.059928372765728
232	303	1.7523465765748398
232	345	2.143422474488529
232	392	1.7487817193772512
232	422	1.3121158845226146
232	434	2.4565979852675097
233	241	3.9745772135652393
233	299	4.4477843186579555
233	328	1.277995866433063
233	334	2.369293393327566
233	346	1.6450168474867053
233	354	1.381217472603342
233	419	1.4275854929089844
233	446	3.523292761121216
234	300	2.2126205775609797
234	351	1.4941395354126497
234	485	1.577020186453233
234	496	1.3922358671514854
235	337	1.4007478646471407
235	392	2.2068795657209423
235	404	1.3724765856817949
236	346	1.2200511955356126
236	404	1.6648204864361595
236	440	1.3941931000051482
236	449	1.4925667460520486
237	238	2.129621846271244
237	270	2.1153068631254257
237	307	1.88019894220258
237	358	2.2724560791099604
237	372	1.3052133340618255
237	385	3.9961109789838636
237	396	1.6881992132470682
237	422	1.3393566543833977
237	465	2.293756190581218
237	496	1.356669160231862
238	357	2.1606207194034566
238	366	1.8666721146267244
238	383	1.5773648037931827
238	387	1.962838375163752
238	393	1.8867676254590018
239	269	2.219453768238563
239	285	3.733025301574709
239	290	2.1144307669927342
239	323	2.3095096370291066
239	341	4.478629313689322
239	384	1.3210011882279593
239	414	1.5427774148742828
239	472	2.5877965830491343
239	486	1.3862670989514185
240	272	1.3430820147236273
240	274	1.361625215855606
240	290	2.230674816982999
240	370	1.2542240016728092
240	386	2.353600834408355
240	394	2.3866625834939796
240	413	1.5449250588135663
240	456	1.7628679547674948
241	271	2.0751197175865825
241	311	1.9249287909932313
241	328	1.4754990121083766
241	345	1.7911691391966886
241	373	1.736263144242324
241	427	1.5220939189092215
241	446	1.4164051108599882
242	246	1.6232431977163233
242	366	1.7366132798435996
242	387	1.6097796617143267
242	440	1.7733239049153382
243	257	1.9281899400766425
243	331	2.0828025032684025
243	345	1.3506220533533044
243	347	1.3469582309932788
244	364	1.8318380554954887
244	376	1.7933545065882264
245	255	1.2114205063589873
245	279	2.3132585086714235
245	336	2.2836368459595007
245	364	1.637718810884895
245	378	1.7419457174346404
245	411	4.147744648090855
245	416	1.95002980214091
246	284	1.2141866868225244
246	431	2.228048109023372
246	436	1.3834855308494383
246	489	1.3964843889379104
246	497	2.4374535174328193
247	257	1.455772477852887
247	298	1.2438530820202063
247	300	1.7052423695131171
247	328	4.541808182060121
247	373	1.2327522453615904
247	422	1.327621544369061
247	427	1.893702091148948
247	461	1.2730798684958882
248	279	1.679092679477169
248	283	2.431186496296818
248	326	1.5956432224335289
248	365	4.013068940560871
248	410	4.400484475399018
248	430	2.096215691238369
248	475	1.6822930469455135
248	494	1.5700113299079894
249	301	1.5041335628257961
249	426	2.2406539545163935
250	267	1.3899546511238354
250	278	2.3500184970304616
250	366	1.345988404553022
250	445	4.338595417257236
250	451	2.0008626116763994
250	459	1.7330290730318954
251	302	1.7926214348973581
251	332	3.978720728061208
251	466	1.5553520396840308
251	473	1.4700525582782855
252	340	1.443069088355905
252	356	1.5890477842450899
252	375	1.960647760090919
252	407	1.361980458198883
252	426	1.692305835813305
253	262	1.914657407160683
253	304	1.5595072593879375
253	338	2.349091134725766
253	367	2.485832125580221
253	406	1.9145701102337331
253	415	1.2522128399024692
253	438	2.1930804418395446
253	470	2.395344521143501
253	483	3.5347753036123937
254	279	1.488402292243047
254	284	1.6696854295066472
254	378	1.8593077429891398
255	396	1.7492422500011202
255	416	1.7785409825582468
256	322	1.4677886841604413
256	350	2.2325108875484325
256	384	2.279159805757959
256	400	2.109967343823729
256	403	1.994758433261242
256	412	1.3909796645122336
256	457	2.2847552922739016
256	481	2.471465788513691
257	267	2.2033115262774468
257	306	2.2303057037740577
257	328	2.0708958152672503
257	457	1.9738515168268695
258	342	1.579443678923041
258	363	1.5337665045782958
258	454	2.180246515635923
258	455	2.344198720702568
259	276	2.3639722133056114
259	287	1.998547443285068
259	288	1.8827640968175432
259	328	2.408026912600938
259	354	1.6202519410931508
259	452	1.2531393699764315
260	270	2.484083681544403
260	317	4.337530306245085
260	333	1.3983959685357306
260	362	1.749411540300617
260	372	2.0777182378792203
260	385	1.6347802006118815
260	396	1.4776063035258185
260	420	1.6414393785997843
260	447	1.39055924412301
260	471	1.7783978318715712
261	276	2.3911046481073814
261	285	2.1236283842403063
261	469	2.3151878096617344
261	489	2.4746657022335485
261	494	1.6253045624561102
262	299	1.3771314828088037
262	310	1.736593574310866
262	350	1.9057993791811434
262	420	1.608894392381281
262	489	2.4312287977113503
263	332	1.680816016153431
263	389	1.9901847532232901
263	440	2.4735546419598773
263	466	2.243538792257765
263	470	1.6917927665630967
263	478	2.310723988765428
263	498	1.6249415555537745
264	266	1.3445316091379265
264	279	2.229064050975357
264	437	2.315444406472661
265	318	2.346311907129544
265	337	1.2683108514426207
265	366	1.2158564268675882
265	379	2.0224064209072248
265	383	1.224691404064737
265	393	2.1913976331247835
265	440	1.6207069979991813
265	465	2.3469106460789773
265	468	2.1181274482857675
266	315	1.3419335414826346
266	318	1.686623506737507
266	370	2.3704268162495374
266	392	1.7273967005955155
267	270	1.4751897666187181
267	300	1.5643142244944779
267	372	1.9551043019733734
267	385	2.0561936346735616
267	396	2.7193649965690554
267	416	1.8406018950791583
267	442	2.122985009693024
268	399	1.7153116101439507
269	306	2.1510903431988773
269	322	1.25182180064985
269	356	2.0498921966066885
269	384	2.270049510377601
269	401	1.7911775718695864
269	448	2.0495305972093956
269	474	2.3087448119889435
269	481	2.07309990405945
269	499	1.2666000351496693
270	275	2.3290287195818644
270	281	5.1365869181002
270	362	3.407985539836068
270	442	1.4310009010711764
270	447	1.7174112846043672
270	456	2.288520922135884
271	391	2.368084348749895
271	409	2.4241183223552794
272	295	2.1391551285438384
272	312	2.416164522029161
272	429	1.3318279248557274
272	451	1.7400741876875947
273	319	1.4673227906638568
273	352	1.8217938471864206
273	385	2.11561118235297
273	396	3.1202233524037277
273	418	1.8825531648892224
273	467	2.454141246554489
273	496	2.3871940119056676
274	386	2.1214757338824692
274	439	2.179977650583829
275	343	1.4121942811373824
275	355	1.7033180805169135
275	447	2.37946721426544
275	471	1.274061248790592
275	487	1.7806303567552857
276	309	2.492699126722771
276	365	1.263600002992164
276	381	1.3034153905298669
276	489	1.2185352495512005
277	280	1.6199476669165622
277	282	1.9296959334608417
277	450	3.7562824197144753
278	312	1.2926161841715276
278	315	1.9044302388804
278	383	2.42914061702764
278	386	2.1122087063281403
278	389	2.0362254717729487
278	394	2.202560063644759
278	425	1.6449122295059344
279	284	1.5448113227169658
279	310	1.6446448272621226
279	316	1.7680684424410118
279	321	2.324370244202261
279	364	3.134066098139468
279	380	2.030256919720176
279	399	1.7038524848658567
279	411	1.660957420379665
279	416	1.5275715353957073
279	456	1.7023204696109726
280	304	2.1255851713286296
280	406	1.4482522800727158
280	485	2.4511928432082155
281	317	2.467178550431759
281	462	2.090787918276888
281	464	1.4953757634262381
282	291	2.4710805542479752
282	360	1.8704703050048654
282	361	1.4219782122625964
282	365	1.509593609613834
282	381	1.7553610420730559
282	489	1.837108715750425
283	326	2.0256058298429283
283	380	2.0580628439704687
283	387	1.2255174061003549
283	475	2.402023658442051
284	364	1.923830194982694
284	380	1.3429754740931588
284	411	1.5674972212659897
284	416	1.3715351035983678
284	422	3.3374000219208977
285	306	4.360402153737465
285	307	1.3996417689324145
285	348	2.2228634360512314
285	393	1.5690089844460866
285	400	2.3820390894490657
285	402	3.081612385687235
285	414	1.8137957514491292
285	486	1.812310799302463
285	499	2.3326989153011155
286	325	1.5824997454878584
286	361	1.7029345612762916
286	377	1.84937199765374
286	394	1.6801335260148524
286	432	1.9003581086908499
286	439	1.6840685881085595
286	459	1.3998547653235738
286	492	1.3108273183000638
286	493	1.9008387459421745
287	353	2.1929814238940244
287	367	2.163230657082389
287	378	1.5575616747911398
287	411	2.2680320838359123
287	462	1.81431872848433
287	476	1.8207835977518445
288	376	1.218074668441452
288	378	1.3748354704111292
288	431	1.849196424266359
288	476	1.7227528247352855
288	483	1.2406163874357832
288	497	2.457794859189444
289	301	2.327055429734937
289	483	1.7511006805688645
290	355	2.0582355546742677
290	375	2.0334357126813463
290	403	1.222836343119803
290	414	2.355621197158353
290	427	2.475505916772062
290	444	4.216532335401702
290	481	1.4726911854803877
290	491	1.6428570985169602
291	342	1.9452850371297252
291	391	1.5949314621445534
291	454	2.4941914333285444
291	485	2.266872987736314
292	379	1.572456173492364
292	392	1.8399488741955636
292	453	1.8136043501636823
292	497	1.9450212862036629
293	296	1.575306514621643
293	299	2.943633550911816
293	333	2.469226128813707
293	334	1.4456801826721841
293	373	1.4807705812141374
294	340	2.3582360561303575
294	353	2.0469675182900238
294	407	2.1491321861639676
295	313	1.3272441025884716
295	364	2.35938515948704
295	392	2.1940971996090655
295	441	1.9872172639715229
295	493	1.7396138436128903
296	391	1.3982371718197952
296	403	2.385557149333655
296	444	1.4911378697126358
296	460	1.4291542361031606
296	474	1.9333481139068498
296	481	1.4497096354249448
297	308	2.4691197898406845
297	357	2.214612376713192
297	363	1.2236115755554966
297	420	1.4943401469258903
297	447	2.407394756689575
298	303	1.4780721081640318
298	309	2.070814347050028
298	313	1.8578054102361854
298	361	1.2522589455727997
298	390	3.3539164101214176
298	435	1.3327490662414574
298	456	1.3287428179260035
298	498	1.5983329870898473
299	333	1.5389866622324948
299	349	1.735785393859211
299	354	1.5535652468694128
299	403	1.4997834269631298
299	422	2.116718710736553
300	338	2.051054568117878
300	342	1.381852576085576
300	363	1.9127486064091408
300	415	3.8825529184286944
300	460	2.317818746602308
300	488	1.7988351753185676
301	382	2.3038806369437896
302	344	2.3936485101025653
302	456	2.3500280798298974
302	473	2.1876037268195416
303	341	2.034427875473059
303	344	1.6858582536764297
303	376	2.1047145311169535
303	424	1.3478050464016464
304	338	2.0057747970742366
304	363	3.8178081563987174
304	397	1.6350964846423754
304	454	2.0461290379962254
304	485	1.5787245753681345
304	488	1.4527053138742843
305	333	1.6131587966010574
305	343	2.044713155900822
305	372	2.0295951052342796
306	307	2.182676384252331
306	323	2.1338283572098016
306	355	2.0711460470096643
306	401	1.5645685052326455
306	412	1.8444099560532154
307	322	1.4513181112617357
307	323	1.6183784896679372
307	348	2.4968482020023988
307	400	1.8365003371585904
307	481	2.2454033009021703
307	486	1.69584663216343
308	372	2.170702023851029
308	384	2.0626000365160846
308	385	1.5854588679056312
308	431	2.139398894299741
308	467	2.416576928066532
309	381	1.3052234679539434
309	417	1.7266249037635033
309	469	2.2026728444509542
310	322	1.3567313659914069
310	341	1.8587705026110495
310	348	1.8605539639068596
310	387	2.437340581231922
310	401	2.425047642953926
310	446	1.5835916669037826
310	448	2.2147410730961186
310	481	1.6650954468403585
311	334	3.722292519189767
311	373	2.796791322082984
311	446	1.89124428406776
311	464	1.3666882721065297
313	352	1.880521190370248
313	420	1.3372169266396265
313	442	1.8327559702561786
313	447	2.0528356007274624
313	482	1.5115642334781239
314	406	1.9718172165500707
314	483	1.360489319546468
315	423	2.2774657332544628
315	428	2.07492910690201
316	371	1.3917313506658464
316	374	1.9603732961516707
316	376	1.702993227578074
316	431	1.4230109238638005
316	436	1.4917034132206783
317	420	1.3387512270856021
318	330	1.5641920714356903
318	484	1.4538140274013698
319	362	1.4326879043053644
320	328	2.499401343748006
320	379	1.641233626239648
320	404	3.6477124832288927
320	409	1.2872141595290238
320	423	2.1724444762524016
320	441	1.2220419142880767
320	494	1.2489521645129982
321	364	2.0773398469315447
321	367	1.8316939012067452
321	378	1.2637779130084639
321	414	1.3677667387935661
321	436	2.3503269079950746
321	497	2.445578192698508
322	339	1.6750169916251472
322	383	1.8968393499655178
323	341	1.5805150426192438
323	403	2.3834763553233227
323	474	2.2288809351726235
324	360	2.0040663625393114
324	417	1.7151443819897363
324	430	1.7714178124510775
324	443	1.6175735680043961
324	450	2.1937978567075107
325	370	1.6541692669182892
326	347	1.929820644241114
326	408	1.9284106925847082
326	410	2.1738265484842034
326	417	1.3353659828498916
326	475	2.3856313624480987
326	494	1.6001090676805019
327	358	1.9648422084334694
327	425	1.5920829358723543
327	448	2.4387521695223873
327	459	3.883226475200991
328	334	2.053019861532233
328	344	1.2108843950043102
328	347	2.3705940416501305
328	446	2.0500255189595866
328	452	2.43648397973484
329	336	2.19521738353275
329	340	3.8339822966250217
329	390	1.4825375427771754
329	403	2.211650243291487
329	451	1.7908855940479915
330	366	1.2484403350545863
330	392	1.4661443322311731
330	423	2.4032668690003334
330	430	1.4297142262912508
330	449	3.298158665849763
331	345	2.1403026389479014
331	399	1.930798916872639
331	452	2.0474414109980006
333	343	1.6572547219456735
333	408	2.4870049149553344
334	386	2.1405066385291116
334	427	2.0208922042864286
334	457	1.46876833515153
334	464	1.8456490205801956
334	487	1.6472593211238078
335	437	2.06589878334863
336	426	1.7176016708404622
336	458	2.206628465869875
337	423	4.316689102801447
337	454	1.923772393066039
338	406	1.7230975646808504
338	418	1.5017851485413907
338	477	2.3614647834293105
338	488	2.3150211159709637
339	387	2.1895198535328033
339	401	2.232262411052301
339	457	2.0870849695092026
339	486	1.4350517682333332
340	364	1.60764330887255
340	375	1.9905940022015085
340	407	2.4162908278544677
340	419	2.1022735408206907
341	400	1.7715252427103605
341	401	1.9363516693539204
341	472	1.2930243383037425
341	486	1.6251341730634512
342	351	1.8476394448710698
342	415	2.076120634882167
342	459	1.4710790337173392
342	483	1.4603722398901784
343	352	1.5280008499381275
343	362	1.2533377308076574
343	368	1.4948725253477435
344	389	2.204034737123255
344	456	1.3059230422368242
344	480	1.609121301107681
345	421	1.5179772051851304
345	422	1.9910225813061126
346	398	1.7866214596040615
346	404	2.2331213020133505
346	434	1.9280372156126644
346	446	2.4936538238569232
347	427	1.3103305408252115
347	434	1.8368144347123407
347	452	2.0973253198297273
347	457	1.5148352444242827
348	474	1.7246335319706958
348	499	2.2835973047919325
349	427	1.8684087735714334
349	446	2.0761155655417456
349	452	1.8026379198981761
350	449	2.1446636174427427
350	454	1.9388304347589949
350	455	1.4589973588202414
350	470	1.3943652231703678
350	483	2.421021399518869
351	355	2.221488760047833
351	455	1.7048032112325004
352	358	1.856004379455281
352	362	2.3315802233462617
352	372	1.3913146808424148
352	385	1.8516103485969824
352	462	1.369316671270423
352	496	1.307994262471486
352	498	2.385917410095085
353	376	1.2716333410254204
353	427	2.303052675701325
353	476	2.03437574209511
354	374	4.328858463010931
354	434	1.9491304140722974
354	442	1.846021838358135
354	470	1.8219657350816785
355	400	1.7300535033696107
355	444	3.3776125883224832
355	491	2.270145262386805
355	499	1.5118287485949287
356	380	2.4389219621597
356	387	1.923688563451671
356	458	4.247418436635282
357	379	1.621093984485071
358	372	2.443608256244412
358	396	2.104092897330206
358	462	1.5783756739057517
358	463	1.4175158916334758
359	464	2.1757683383424693
360	365	2.367582075629957
360	395	2.3230708011993
360	410	3.3919128208040665
361	388	1.6609243116503218
361	390	2.3004370662657814
361	456	2.324197539794411
361	473	1.280471653138755
362	467	2.034618845969454
363	477	2.2274241282893676
363	497	2.233469059587187
364	495	1.9947416714261745
365	437	2.298712040866419
365	469	1.8928612069597708
365	475	1.5094053085280215
365	479	2.385566048825244
365	490	1.8600364098093038
366	378	1.9293694280176417
366	379	2.3500248629325995
366	409	2.2387461809125506
366	441	2.1104061490351476
368	420	1.3877152780113402
368	442	2.1626192414476093
368	448	1.317077272477256
369	391	1.907402051461184
369	400	2.2010697192757425
369	474	3.5074037996619634
369	490	1.3512432967416406
370	421	1.4641069820627663
370	429	2.38158429592956
371	388	1.2738051721040535
372	396	1.362421975815417
372	418	1.6616486149889282
372	471	2.467257821854899
373	374	1.2782816936231884
373	494	1.321895477065857
376	411	2.027066168949692
376	431	1.3741339713938094
376	433	2.101350840789988
376	436	2.431497027487482
376	497	1.5450109650876191
377	421	1.495330205647104
377	445	1.5623471469330776
378	411	1.6228289589405358
378	433	1.5980931392149043
378	444	2.4469216538720415
379	393	6.22635731972432
379	423	4.016924780333106
379	428	2.306907349677693
379	465	2.243627610590404
380	419	1.5272463786489596
380	495	1.547755119744017
380	498	1.5537381836302282
381	417	2.1311812054561665
381	490	2.0174573279636796
382	394	2.005177737752546
382	407	2.3912441387045025
383	387	1.510014486082139
383	415	1.4455983244596895
384	414	1.3556598569726972
384	443	1.9701266753254876
384	444	2.9709009445912256
384	474	2.4697131659088587
385	396	1.7940287694084702
385	471	2.464811313760768
385	482	1.2690078539217702
386	405	1.2308012493554423
386	421	1.4745324605506884
386	432	2.205361456779257
386	493	1.8336740549515116
387	392	2.232416727422156
387	399	1.2266889968523311
387	413	1.706832708679096
387	454	1.6294807450976831
387	461	1.9091125374080398
389	456	2.3181617459581334
389	480	1.5774655096807118
389	498	2.018076144712691
390	456	2.149626773875888
390	478	2.4163859119097912
390	480	1.6797463636850987
391	400	2.2500922109208865
391	401	1.4617099464575918
391	404	1.937254872796198
392	440	2.0546908376237862
392	449	1.7642768719641828
392	453	2.1216967828993156
393	399	2.1971515736223055
393	441	2.3690697092152195
393	449	1.7380897942908133
393	471	1.9342541677788736
394	413	2.161749439571282
394	445	3.6195236787491805
394	459	3.371024286884765
394	486	2.1070306667371854
395	430	1.909006995887989
395	450	1.5967002549027032
395	469	2.304169428942342
395	475	1.485712879056764
396	447	2.3058079664343802
396	467	2.4084847853074143
397	461	2.0022566359574383
397	488	2.154524899845861
398	400	1.786414040393415
398	412	4.169957702272229
398	414	2.4259366402685667
398	416	2.175049712589347
399	409	1.9663775498817824
399	453	1.9471455830383162
400	444	2.340804936685201
400	491	1.8785161587566275
401	427	1.9041437593764425
401	472	3.1386389598275004
401	475	1.8451921465460477
402	472	3.9268178511747265
402	491	2.249605978254773
402	499	1.2823212379085946
403	407	1.3509811648015924
403	444	1.5321845086363317
403	448	1.417305104730279
403	475	2.332257793256897
403	491	1.4076765597419296
404	409	2.4860037055646558
404	440	1.6348152719317686
404	465	1.4664224896858091
404	484	1.8926601426274074
405	492	1.2220001162685767
405	493	1.2400799285819695
406	415	2.241827761649369
406	455	1.427237839933715
406	478	1.8248653883430674
407	419	2.331465111509797
407	426	2.2236146480965235
407	458	2.258723364471593
408	430	1.5114598633139882
409	423	1.2799368682904881
409	441	1.8132444210225955
409	453	2.190617183926586
411	476	1.7661315520372534
412	486	1.2491987539952856
413	439	1.346714053499961
413	493	2.041639883902432
414	471	1.245501090748459
414	486	2.2451942222587755
414	491	2.05032394369285
415	426	2.127728257018567
415	455	1.535704231828146
415	461	1.2459827323352173
415	485	1.5469808204803912
415	497	2.1479698639320755
416	433	1.6257284442186637
416	436	1.8792197738268501
417	424	1.3560474029483567
417	464	1.337914270499139
417	479	1.2282088488987382
417	489	1.651095048936435
418	420	1.3336250667913683
418	486	2.297138692616276
418	487	2.29355097400871
421	445	2.3494546881447995
421	493	2.3959947104968626
422	446	1.9142464170820022
422	454	1.560486026484002
422	457	4.141226994568232
423	440	1.6502153275703877
423	468	1.2320126196372638
424	466	1.7458162186089554
424	478	1.2857692847719702
424	498	2.163821282737278
425	432	2.0478772019998717
425	493	1.5062193227547924
426	452	1.8559999518200536
426	496	2.3751342364195005
427	461	2.0526109343383867
428	451	2.08559142073256
428	456	1.4290372873411712
428	482	2.410850005847599
430	494	2.1982354619022497
431	433	1.258102504258976
433	446	1.633464177307038
433	476	4.6596953674802695
433	495	1.7903325063036135
434	446	1.3160474308471501
434	452	2.2583861045249494
434	464	1.6133188834902308
435	466	1.7644123274260832
435	478	2.902716758666487
435	480	1.8995749775808104
435	498	2.256036351450108
437	445	1.9903555349116293
437	480	1.9377784416690638
437	498	1.5446310651805883
438	460	1.6906743849387689
438	475	2.3500895473897163
438	485	2.1917470515303377
439	451	2.263580600766111
439	493	2.4299311455682546
441	465	1.5272079675575074
442	471	1.4860693898855266
443	475	2.3307193986643684
443	490	1.6983506330385338
444	453	2.0560798324607683
444	495	1.965315097931387
445	451	1.3412664160208454
445	459	2.198150736854008
445	492	1.6093037415594798
445	493	2.15742798119337
446	452	3.7364179344971022
447	471	1.3453264271451406
448	480	2.30786661743622
448	481	2.0874567725272035
449	466	1.6862826334402823
450	485	2.354269603289924
452	464	1.6878832764847096
453	468	3.2311727880890793
453	485	1.7429975051790503
453	495	1.5453679300537668
454	477	2.3150018171825923
455	477	1.637718519971881
455	488	2.458350867544876
458	473	1.5696054045043148
460	477	1.7465329843296766
462	468	2.209163962861248
462	482	1.9020321100314534
464	490	1.8010580441755877
465	484	2.4545375214989518
466	473	2.3537627018465135
469	490	3.47680726547215
469	494	1.3173881140571606
471	482	3.694090567875619
472	491	2.0479929844834697
473	480	1.9044988391326083
473	498	2.0994884452768465
476	495	2.872575789106825
478	489	1.555708591908415
478	498	1.3396827479986402
479	494	2.2510214925819474
487	496	2.403145384770988
490	494	1.6555710956408538
491	499	1.9940292377210858
495	497	1.9689236122784206
