12	31	2.0377686584969505
17	48	1.9773648704707352
36	53	3.357816229127019
44	66	1.291935165559009
21	67	2.409694453732297
8	71	1.549742092051952
13	91	2.041452639007266
0	109	1.4653742393323568
20	110	2.0036789462141478
87	116	1.7713637067928496
93	116	2.205726022255001
65	122	1.6774275970138257
124	129	1.7742760822438943
33	131	1.708182443975868
63	133	3.982220227077276
84	136	2.7425254845498617
24	139	1.9177160422847506
110	140	2.345522647085838
21	141	2.0036964934940076
60	144	1.8704390964932178
55	145	1.2000450698893557
48	147	2.0560913196241684
21	153	2.1865144844895936
47	160	2.2126121640840943
70	162	1.831775234910187
121	163	1.3826165816342693
88	165	1.7370615214152463
99	165	1.8753112308736335
152	165	2.1353888738666145
4	171	1.542134096405946
12	174	2.151086074416489
143	178	2.389884817008274
11	182	1.9229882602915227
16	185	1.8742785516090286
15	189	1.292773278070857
79	197	2.0912375834317873
60	201	2.3649191170855772
3	202	1.8647442378037447
22	203	2.405029735976974
158	203	2.2808724489900976
58	205	2.2871518409602465
63	205	1.6104281184769664
74	212	1.5745352912192918
171	213	1.4535978713230682
12	214	2.4554864566669687
128	219	1.7914947746177101
127	220	2.3313333394310733
134	223	1.403456908045074
102	224	1.459740767664011
165	237	2.2113658769962115
78	242	1.8988588658332506
93	246	2.284789475666166
184	251	1.8698080745414476
41	252	1.929384082664348
244	253	1.8157941871866616
18	254	1.6479217345374408
29	262	2.4077178859406363
92	267	2.461028202629234
41	268	1.465253346901231
80	268	3.1889144166629526
60	269	2.4627554068932205
144	269	1.7175038225390218
265	269	2.0255764068226756
2	272	1.568088635223587
107	272	1.3172707669566377
122	274	1.3876529026290165
50	277	1.7073022091101282
102	279	1.8223951345065053
62	283	1.5976772582293477
31	286	1.5797718251750301
174	286	2.0338667464319578
195	286	2.4712753818382467
4	287	1.9815568559281864
112	291	1.9837071581454575
245	291	1.5170403333616234
170	295	1.9890194318881966
47	296	1.3990235114914107
102	298	2.033113229959331
212	298	1.4313406960613055
182	299	2.4222218360036814
271	302	3.2926676600693883
0	305	2.276525162028719
79	305	1.5408980610255298
204	306	2.2165228125364127
7	308	1.211062498982884
72	310	2.312906787893829
193	312	2.295413858809833
12	315	1.5581021583353771
214	315	1.8939613018761667
276	316	2.1422197171090422
174	317	3.631018535470129
196	318	3.067759588222599
220	318	1.6200783803839767
306	319	1.6713898062737778
312	320	3.542411625850555
55	322	1.8306946894245453
228	322	2.115884977817883
308	323	1.5783134634238574
316	326	2.2287859483623738
249	327	1.2182505950531244
325	327	1.2240882521506902
46	328	1.6737714242935566
5	331	2.4447920546335498
181	331	2.052203959601046
262	331	2.4833041791679547
46	332	3.478298677713317
44	334	1.8829063324175004
3	336	2.10556391082949
262	337	2.4875473469418763
199	338	2.3032133131118786
225	338	2.3042663681622213
252	340	2.0262804683059685
276	344	1.6564124472367379
239	345	2.1924580115898697
163	346	1.2730805547938275
207	346	2.4923267464587195
64	347	1.7751019905899674
113	347	1.7994307896809454
19	349	1.83174723820767
282	350	2.2988603262671194
253	351	1.8744208721646762
235	352	4.600817811960118
327	353	2.3756977926347616
0	354	2.166649951729977
77	354	1.9382239558109795
89	354	1.6663340776264066
272	354	1.282440629190239
178	355	2.1059797449260436
321	356	2.346720099321435
95	358	1.6158161340530137
211	358	1.2463943175542562
7	359	1.8854313160736207
170	362	1.3140349625672358
172	362	4.148684198599508
334	362	1.3326959026680532
351	362	2.1814999535921444
42	363	1.7998030585624238
154	363	1.7089943206068754
266	365	1.4670516245018623
322	365	2.016500493815862
97	366	2.158997272592585
146	369	1.824560904700156
133	375	2.339810061457462
374	376	1.819313705749967
200	377	1.2500872918136035
343	378	2.1242086820705484
170	379	1.236287980239229
7	380	4.202376841147176
132	380	1.9904633433183365
320	380	1.4301594658197558
277	381	2.277752817449603
299	382	1.8764674815672882
27	383	2.0220499970215666
213	383	1.4580632593338922
374	383	1.948199951825309
57	385	1.57425229530869
263	386	3.7347660237296405
346	386	2.3014215039397072
158	387	1.6041289658023863
380	388	1.5715973422401888
280	391	2.0604234621284894
381	391	2.2133328874504006
144	392	2.1911339383575905
77	394	1.4715614847117975
257	394	3.1863945266506697
20	396	2.4494261272675932
143	396	1.887932427387384
261	396	1.2392801268683247
266	396	3.9117257279878803
166	400	1.2662777494973898
359	400	2.420322797731531
45	401	2.491048701073348
80	404	2.4795348441036427
191	406	1.9082512084403325
389	410	2.316093843653312
85	411	1.8714557920803596
398	411	2.453882933530523
194	415	1.3928094144669096
8	417	2.434085697524629
284	417	1.9568517915676167
317	417	1.4085162962926379
153	418	1.5009515736522152
195	418	1.93640661394384
57	420	1.6290305538849172
276	420	1.3923957882618936
63	423	2.0738087301256174
81	423	2.3472773829781763
217	423	2.4095302300873964
44	424	1.8643578924867863
187	424	2.15289876529133
150	425	1.7767553079728815
84	426	1.4969985790750566
106	426	1.225221212869796
52	430	1.2252399970045031
256	432	2.3059839883007527
68	434	1.708017551029346
229	434	2.4287674309028358
352	434	3.8889549785566793
239	435	1.430688914101741
94	436	2.400000536852752
152	436	1.391264700989797
228	437	1.7305972805268852
197	439	2.450123575506523
405	440	1.6525668836803815
163	443	2.2624690049360563
374	443	1.732536680860338
26	448	1.2705860348029165
104	448	1.3578217744837018
305	448	1.8005096073669933
97	449	2.3987621462502657
181	449	1.4881721582292666
17	450	1.3262419250336752
25	450	2.217993034369012
46	450	1.8364454188186143
102	450	1.6957042356857683
151	450	2.2027132277765666
152	450	1.352000047559996
155	450	1.3641337115103827
207	450	2.273638420485579
292	450	1.2904282836645646
332	450	1.9218914298993168
338	450	2.470885480447713
339	450	1.3855622952392201
363	450	2.4685251929895156
402	450	2.0568920478218056
56	451	1.7468465472921586
86	451	2.133071993691953
113	451	1.8166335694003493
121	451	1.377480299562606
127	451	5.27185060590053
247	451	2.342330449982091
272	451	2.0401160205616486
284	451	2.1171347577199855
288	451	1.5261459149694674
431	451	1.8323255681329247
21	452	1.9322588922619817
31	452	1.5357127636981274
78	452	2.378213847011085
105	452	1.6144969011285004
163	452	1.7559250989594628
197	452	2.4432573554151773
311	452	3.5190589459743187
380	452	1.8530265498313954
416	452	2.2776490870660915
210	453	2.477380243804377
271	453	1.5741776164990176
273	453	2.1041140055326046
282	453	1.492541412398638
452	453	1.840232971521759
81	454	2.207693621439879
186	454	1.9159209263466521
214	454	2.135446237861229
223	454	2.2780157154417076
247	454	1.3369122848190491
317	454	2.0152434587234
358	454	1.9950112734899608
451	454	1.9964376713632572
33	455	1.6989497705821957
47	455	2.0168092729916443
64	455	1.564065873345665
68	455	2.280389854448699
128	455	1.9414251472954152
130	455	2.048474341728774
164	455	2.3466266515918006
187	455	1.479338574782273
189	455	1.7401338559029482
256	455	2.1581855586678618
278	455	1.6074638181740721
307	455	2.040180573573651
432	455	2.3778895611925437
6	456	2.4412780262789098
21	456	3.6991510224788238
78	456	1.5281540410548544
153	456	1.2677064393443458
161	456	1.692216798380289
263	456	1.2473480598809468
320	456	1.5479486171463954
413	456	2.324702944860101
34	457	2.2529670922823044
36	457	1.4960451485067199
89	457	2.238500423414573
260	457	1.6602308089830922
302	457	1.5106965699316353
325	457	1.798317428657215
30	458	2.4199432391674467
48	458	1.9805586238953978
51	458	1.4717442418249065
87	458	2.437297152076037
147	458	2.2269141063843807
155	458	1.2237756261444956
209	458	1.8619180010518037
338	458	2.405565767152515
54	459	1.765963814340985
203	459	1.2607126799641024
259	459	1.6604306814811198
266	459	1.5141096579564832
275	459	1.4148241588252353
422	459	2.03791513571494
427	459	1.4063679314440063
20	460	1.6175073723232622
49	460	3.7778524632274513
66	460	1.8797153777283153
77	460	1.6685801253487968
126	460	2.4562082502701093
164	460	1.303964346319349
183	460	2.323057139968731
289	460	2.2100649804267896
334	460	1.8584872604578864
339	460	2.283251745077754
379	460	1.4486780060976823
407	460	1.46958478598666
416	460	2.344636841209863
59	461	2.3348428204851
221	461	1.6377705305884527
222	461	1.4523437662464191
224	461	1.6284214380900708
290	461	1.293330936948199
392	461	1.9549059110016977
13	462	1.7639805160270214
31	462	2.1580510457035658
46	462	1.7852968800207603
126	462	1.768349266714918
186	462	2.4653362605784848
247	462	3.3112115713279784
260	462	2.3283314164384548
277	462	1.7733504884610496
284	462	4.583522720930716
329	462	2.4871547034428945
342	462	1.6328501237011832
358	462	1.8743836132244702
381	462	2.1656106932275576
412	462	1.7953306745778983
454	462	2.008275522655408
85	463	2.4462667940608647
128	463	1.6018741362948297
130	463	3.2573708830155677
189	463	3.013927840347554
259	463	1.9219928397349062
356	463	2.4062934875728157
360	463	1.9918325079474375
427	463	1.636422151559033
455	463	1.3444958302047667
22	464	1.6443610362544523
58	464	2.2259046557700453
71	464	2.0616651037444624
112	464	1.826107058168211
119	464	1.2263368316666543
131	464	1.2795553854485406
229	464	1.8526365583620803
347	464	2.2943036462062296
419	464	2.294814054119108
434	464	2.3478423522577945
69	465	1.560706303984908
174	465	1.7082378533132379
179	465	1.5408525077888788
195	465	2.1443385987835613
225	465	1.4499514625897791
247	465	1.6157130271070606
314	465	1.5503878376185907
334	465	1.642223440769966
358	465	2.1135784147143295
384	465	2.179229818622894
391	465	2.229675000508048
454	465	1.3387403482619307
155	466	1.899926085453811
199	466	2.2598743147111877
258	466	2.0082280723543873
261	466	2.214132782282619
264	466	1.7345383191927963
345	466	1.4781530724867518
366	466	1.4107368563048484
32	467	1.5019429912200453
74	467	1.8398687303955636
94	467	2.2319875819844004
166	467	1.6414610100142215
221	467	1.4121795374365786
244	467	2.1994407731725127
279	467	3.441092951452113
290	467	1.439130466204616
351	467	1.2466849507857944
373	467	1.7414371300866853
2	468	2.120144985248646
12	468	2.296189541348089
13	468	2.457219190765718
91	468	1.2980427410916175
126	468	2.4778721223775673
174	468	1.811600467282383
220	468	2.4842404080144274
277	468	1.2654462562922197
288	468	2.3268877887663812
419	468	2.3057885827098463
5	469	1.3401009717173868
9	469	1.3403035861561958
49	469	1.6662565141197334
73	469	1.5732236735442158
93	469	1.5410129704759736
136	469	1.7529247326784079
183	469	2.14041217640632
192	469	1.5061733947135494
261	469	1.3287683012636737
270	469	1.893275886744605
365	469	1.697035743567399
424	469	1.9145425504100813
444	469	1.9623425027841803
45	470	2.3091442295126985
56	470	1.9855814587137666
106	470	1.618210124785802
137	470	1.3046630303499795
163	470	2.4222776833045074
229	470	1.627865194244111
283	470	1.8166391434116886
291	470	1.7813713370723532
387	470	1.7300704800033924
62	471	1.3155298645665958
100	471	1.8098861102593151
154	471	1.2585252063415606
232	471	2.1917729008488243
237	471	1.2370168917588602
322	471	1.3017039744903738
16	472	2.245715671506495
31	472	1.9416758024066558
60	472	2.132277945612708
121	472	2.4280821914293353
161	472	1.4952713233232913
174	472	1.384320776201709
231	472	2.445449369477771
284	472	1.7017533756982972
318	472	1.4823718359737441
342	472	2.294150148842845
391	472	1.522744686346968
399	472	1.458331003629473
412	472	1.6641993799442507
431	472	2.0848473041173934
451	472	2.307475753410477
462	472	1.8134871044103584
468	472	1.3109363400443936
89	473	1.4343009177515125
96	473	1.7616760525569712
115	473	1.7575947042838895
127	473	2.3136545324466757
149	473	2.308076260384282
289	473	1.4149734576193307
396	473	2.140427372492072
424	473	1.3089880164042043
453	473	1.4070864757998356
455	473	2.1105230522293015
465	473	1.4459982809948488
469	473	2.3795341215231702
20	474	1.9642344002139613
57	474	1.4356613480128342
58	474	1.6775806984911963
75	474	2.1150739519171924
132	474	1.421628907797831
206	474	1.279486563783707
232	474	2.144965256886386
327	474	1.5557489540007037
348	474	2.1874741003671705
375	474	1.7647250008577635
406	474	2.4368248559630192
28	475	1.7123299783705668
110	475	1.7247140199313051
115	475	2.209108255734961
140	475	1.2890458900660142
149	475	2.314882069407626
395	475	2.0947770182697543
449	475	1.9815925374604286
48	476	1.3657677097965741
63	476	1.3445034779606775
97	476	2.44762017934507
116	476	3.8658356203318243
167	476	1.9673000390063167
265	476	2.2993058818958367
306	476	1.522227050875513
332	476	1.9051824331562077
338	476	1.405665014093207
345	476	2.179813458629164
106	477	1.3925686580885905
108	477	1.4872827764284124
114	477	1.8548544834310725
138	477	1.4952235230444326
182	477	2.1053147387311464
191	477	3.444679146600904
259	477	1.6842903226448926
299	477	1.8906796143219524
344	477	1.4643014271521482
348	477	2.463150789009037
353	477	1.508149840508479
369	477	2.4350444657612633
474	477	2.341298018761267
18	478	1.9389623539881775
28	478	2.4990661287507425
68	478	2.1848848805402845
98	478	2.4260299975273494
102	478	2.4918371977976124
111	478	2.389804059902583
135	478	1.3178548068309093
183	478	2.1063340351433544
201	478	2.2331944050918255
222	478	1.8418188507454314
244	478	1.2494706857087698
290	478	1.4631760165292649
300	478	1.6233945602442645
351	478	3.9172537466766086
360	478	1.5246299063735274
11	479	1.8279715535952648
69	479	1.7503929706318597
114	479	2.028184706159011
132	479	1.7847091140270637
191	479	2.0086417188275414
215	479	1.7570277532270187
280	479	1.6810173727469688
327	479	4.257528505858887
348	479	1.4237999646537536
474	479	2.1076163817224463
40	480	2.323509102821767
108	480	1.4857675108923518
191	480	2.0418576916360234
206	480	2.395637335299541
208	480	1.5735864407572981
249	480	1.4861605290888784
352	480	1.2514179326220842
433	480	2.061193916874253
5	481	3.4734389414717297
20	481	2.4104357087210677
30	481	1.8317198673570951
65	481	4.4025610201568215
122	481	4.668484753843698
140	481	1.6092704289280928
192	481	1.6118125532892933
211	481	1.4416390269175303
235	481	1.9801820186717376
250	481	1.2490685943783462
266	481	2.054495095444948
300	481	1.760607453446041
395	481	2.3045605960167252
414	481	2.032140069194511
427	481	2.3910735344097724
437	481	1.6271768813672676
6	482	2.785656834422011
9	482	1.406407131748363
83	482	2.2542517184480646
207	482	1.63684950876979
209	482	2.047224978553441
276	482	1.654916139135471
312	482	1.7633724782540847
346	482	1.5337660452476363
380	482	2.357192725379761
78	483	1.3706510069926752
130	483	1.9657506615141938
174	483	2.236875969146033
196	483	1.8155008357806968
214	483	1.8933579468888135
296	483	2.3287865253019904
301	483	1.9519429587991997
358	483	1.8621598450829446
381	483	1.793087966522835
413	483	2.107900857225358
465	483	2.1825943704752673
34	484	1.249756483907745
84	484	1.4775365103186915
165	484	1.8698333978118917
210	484	2.332926228042205
294	484	1.7324877925975808
322	484	1.5957935454369903
330	484	1.2546107433587184
350	484	1.8183463515137646
354	484	2.358505156086455
381	484	1.6436704292578224
422	484	1.3598562336140034
41	485	1.8507547528117758
78	485	1.6979944372629996
161	485	2.2453815555603436
209	485	2.354343941949155
238	485	1.938694858490837
316	485	2.2498606455276056
329	485	2.319427409265881
347	485	1.5921020931964773
349	485	1.688394683344891
380	485	1.30034185406353
416	485	1.4505393269052964
445	485	2.447580829506751
477	485	2.0778363768902723
17	486	1.3269483356091742
21	486	1.6992858344070467
161	486	2.4427949342026585
197	486	1.918167560950583
285	486	2.3255449192315973
305	486	2.4183940784587126
316	486	2.342813298775937
320	486	2.1664408050033304
326	486	1.5530939477041281
416	486	1.6424805771161384
420	486	1.4719347961062184
428	486	1.5948710525357335
456	486	2.422872627780583
461	486	2.458029187994024
482	486	1.969075741394972
5	487	1.6921051396117126
20	487	2.410049315660684
30	487	1.5754232873113643
44	487	2.402323107077688
81	487	3.282192281625956
110	487	1.9042823321098923
139	487	2.187532070673227
149	487	1.61996072445004
183	487	1.6817941530368106
331	487	1.8853148938031392
365	487	1.3448536049287227
395	487	1.9352403518395804
424	487	1.9354902954257516
481	487	1.3887059132697015
23	488	2.1767840613350877
67	488	2.2170600489408985
161	488	2.038019535216709
276	488	1.4968273074061929
308	488	2.186201831478093
323	488	2.2111058605070593
360	488	1.3311645016591518
380	488	1.5592787352928823
420	488	2.0154223185595717
452	488	2.006259094807378
464	488	2.236388309660166
482	488	1.933062975503745
486	488	2.0545158342470087
98	489	1.5061079071439836
170	489	3.651242016482586
172	489	2.2632306117344196
175	489	2.1195580038224984
178	489	1.8988136708335013
197	489	4.242948241529525
209	489	4.086925976251701
312	489	2.3997036017960878
380	489	2.325553646702474
407	489	1.343356324058781
444	489	2.2264302741921482
456	489	1.9731660829757547
462	489	1.2953998005830385
482	489	3.759989211329287
485	489	1.8918466378939796
28	490	1.3981011340825256
60	490	2.938529364503256
117	490	2.3027824974892592
166	490	2.4693844181631217
224	490	2.286334175941252
269	490	1.4514921239052385
290	490	2.0089645932040052
334	490	1.8491507229678104
376	490	1.9112155001634856
380	490	2.378033863418813
443	490	2.4593274923234136
447	490	2.1334316816539434
478	490	2.1545676551721042
28	491	1.7209321323351698
60	491	1.9052078371211105
74	491	2.1593166219537707
111	491	1.2040674996018597
123	491	2.472980712919017
142	491	1.2365122167405238
144	491	3.527709417856484
265	491	1.7554578531227951
360	491	1.2651150830661437
440	491	1.2137233488907946
2	492	1.4586886328538622
13	492	2.4107615085533833
31	492	1.7416906982745788
116	492	2.393548847072168
121	492	2.230405587530548
174	492	2.0122591194428514
214	492	1.4132782273284872
232	492	2.2985018350308364
254	492	2.2014537913652257
280	492	1.330163949053667
365	492	1.9228669006794892
389	492	1.7466328652027026
412	492	2.0406630878683196
89	493	1.8318832391224862
154	493	1.6100716252005887
237	493	2.4778744676815876
269	493	2.1729638877487236
270	493	2.229807559123894
336	493	1.8914849483482008
354	493	1.402055764763642
426	493	1.3640714531412577
437	493	2.235427667489331
453	493	2.189222263548717
474	493	1.8088263228319046
484	493	2.0221787448789583
67	494	1.87353268290975
112	494	2.4737316332671453
227	494	1.321713636022935
276	494	2.094936709791753
323	494	2.403007962829318
456	494	2.3235530726307525
42	495	2.222364891816163
97	495	2.221454158302312
122	495	1.3854588261998466
167	495	1.9641742123307924
275	495	1.388275311956023
313	495	2.267254464555114
363	495	1.9742380607289625
398	495	1.5223701547352766
429	495	1.348645282120913
445	495	2.455717056837326
23	496	1.9022475304042104
29	496	4.257645460550627
39	496	1.2751423448259198
61	496	1.6252071407709967
88	496	1.9666731499826215
140	496	2.3934769149494146
143	496	1.8693261006371915
161	496	1.2367699218508785
177	496	2.0365751525086413
180	496	1.2575189150887758
194	496	1.9749109463630907
200	496	2.4971343293562267
234	496	1.3224785329655229
251	496	1.874697759319071
263	496	1.7659307928361114
281	496	1.2566863886837045
309	496	2.294427705207846
336	496	2.034879571267795
370	496	2.073648386135481
415	496	1.227033724709259
424	496	2.0440536474379476
11	497	1.30259625012003
22	497	1.644653886636524
32	497	1.7976045545755752
47	497	2.189969295535392
54	497	1.2549516370910518
68	497	1.8393918933974733
71	497	1.9979171316419708
164	497	1.242801212007173
189	497	2.15095107726518
235	497	1.680082312314753
259	497	1.6204027682061763
275	497	2.2619452206563913
419	497	2.0857402891838905
427	497	2.1376615909198824
455	497	1.6208521427578402
464	497	1.7100837355506195
30	498	2.443780340243116
57	498	1.4425272055045382
81	498	1.5202390739524998
83	498	1.3586722722191436
183	498	1.617814470534765
300	498	1.8049833303004763
374	498	1.8371422973299478
395	498	1.409646559561756
414	498	1.811531577271856
444	498	1.5561671649327957
449	498	2.475310570288017
475	498	2.4974072168040564
28	499	1.716590224679127
49	499	1.8017444437728698
110	499	3.753986734971665
115	499	1.5945999057363154
140	499	1.3077458855931494
171	499	2.1276030200793175
181	499	2.0018186807889204
192	499	2.3127983114234842
266	499	1.6516778705546726
365	499	2.1398670829552264
385	499	2.10999279741008
407	499	2.1410659027000642
444	499	2.1067631821385713
473	499	1.770565651636746
487	499	1.699719682467311
