0	68	2.2589560348310425
0	109	1.4653742393323568
0	119	3.890982231165264
0	159	1.7443676871200375
0	189	2.015460134008503
0	219	1.9946559671052249
0	235	1.2668025566117027
0	256	1.4604554295331926
0	259	3.0725014201048535
0	305	2.276525162028719
0	321	1.5928738566001877
0	352	1.2769500046140292
0	354	2.166649951729977
0	434	1.5032672063517198
1	77	1.2779938765543277
1	84	1.7539852630397377
1	210	1.6916010222787434
1	270	2.0340161806218156
2	31	1.6198140940923458
2	75	1.808372159823414
2	86	2.1104350561695506
2	106	2.299065415046087
2	121	1.2333816109566118
2	174	3.825869271349125
2	198	1.976340088305477
2	272	1.568088635223587
2	303	2.089465585846762
2	351	1.4146006403794285
2	389	1.387660207667863
2	468	2.120144985248646
2	492	1.4586886328538622
3	41	1.4373749096982702
3	202	1.8647442378037447
3	218	2.4837283821648635
3	252	1.5303015690194341
3	254	1.4375192755747486
3	336	2.10556391082949
3	349	1.2423146940203333
3	404	1.2528377112041136
4	125	2.3125458046357763
4	171	1.542134096405946
4	255	1.9814584929173837
4	287	1.9815568559281864
4	355	1.7427579471510315
4	446	1.4912321539400129
5	110	3.9012076077283293
5	122	1.7226324512433402
5	183	1.410506943029807
5	331	2.4447920546335498
5	357	1.3801714287243294
5	379	2.2667402490117263
5	396	2.1983761059015894
5	469	1.3401009717173868
5	481	3.4734389414717297
5	487	1.6921051396117126
6	75	2.344336946565975
6	163	2.442219005657219
6	175	1.7735678801569756
6	208	1.2866850592893266
6	297	1.3497697882415305
6	312	1.3514307451835434
6	346	4.44594486564792
6	456	2.4412780262789098
6	482	2.785656834422011
7	131	1.579380319854168
7	153	2.1426909332678123
7	308	1.211062498982884
7	329	2.09143839974311
7	359	1.8854313160736207
7	380	4.202376841147176
8	41	2.265918719070153
8	47	1.2296791313170787
8	71	1.549742092051952
8	119	2.057839495154493
8	128	4.300788478204902
8	131	1.9319778807377748
8	229	4.494517058403415
8	235	1.652718898985958
8	256	2.3559603699708616
8	307	2.4163223853124953
8	390	1.4937570822202715
8	417	2.434085697524629
8	434	2.14133812275349
9	67	1.8427047985480216
9	132	2.048200358298961
9	149	1.680650912500707
9	266	1.9627952153332968
9	444	1.9300450321399425
9	469	1.3403035861561958
9	482	1.406407131748363
10	66	1.355842331181273
10	194	2.315849738935006
10	211	2.456474015725149
10	218	3.817469645954499
10	243	1.6153312378251896
10	281	3.3462086749916278
10	304	1.5555877164511487
10	309	1.3263484297751502
10	340	2.4260583331913286
10	360	1.2619629660712472
10	395	1.9390487679675172
10	404	1.701186740675309
11	162	1.9035640032095376
11	182	1.9229882602915227
11	208	1.5478529333070759
11	286	1.6868980460969074
11	479	1.8279715535952648
11	497	1.30259625012003
12	31	2.0377686584969505
12	154	1.9675830879693594
12	174	2.151086074416489
12	181	1.3013364301588508
12	196	1.7757795165723245
12	211	2.2953117912718035
12	214	2.4554864566669687
12	245	1.4139529258651187
12	280	1.4638375974065336
12	292	1.820171669155188
12	315	1.5581021583353771
12	381	1.6571460563126816
12	397	1.7528311312701257
12	399	1.9431708941138433
12	417	1.9221367159920075
12	468	2.296189541348089
13	31	1.6050673309226136
13	91	2.041452639007266
13	233	2.0731832882491723
13	286	1.5881400416895004
13	301	1.8089334668569643
13	410	1.499885406559176
13	462	1.7639805160270214
13	468	2.457219190765718
13	492	2.4107615085533833
14	123	1.4781888155243619
14	134	4.105941298697347
14	165	5.928651372451553
14	237	2.0600299088064937
14	271	2.169980178486192
14	294	2.136678873071351
14	322	2.0295333024100097
14	354	1.6668751921418827
14	367	2.0192232603388502
14	377	1.6094711492144698
15	68	1.889621150456648
15	92	1.458741729193529
15	130	1.6105365594381715
15	189	1.292773278070857
15	219	1.836928408218248
15	248	4.2421661612050485
15	422	1.9152521504045263
15	434	1.299252104997266
16	185	1.8742785516090286
16	214	2.365975705450299
16	286	1.3018653639175333
16	472	2.245715671506495
17	20	2.4741904021617005
17	25	1.7630545379197753
17	33	1.6289579590167875
17	48	1.9773648704707352
17	65	1.4089503457602168
17	120	2.262858719162937
17	152	1.5571109470119031
17	239	1.3573177591406513
17	258	2.14703290937509
17	328	4.199027829488909
17	450	1.3262419250336752
17	486	1.3269483356091742
18	61	2.4367463794688513
18	143	4.410810584667403
18	184	1.8614345381519666
18	252	1.5208961799735816
18	254	1.6479217345374408
18	306	1.2005849620278757
18	309	2.2302232702424654
18	340	1.8125839682574991
18	356	1.427611168663822
18	379	2.120333655038771
18	386	2.385464752331776
18	393	1.8134281299361876
18	404	2.154449888313269
18	415	2.3633719433926883
18	425	2.2092128982164514
18	478	1.9389623539881775
19	29	2.0100605369793842
19	96	2.3426095294046045
19	114	2.2692007370510554
19	180	2.3002787474948354
19	194	1.7611394005383758
19	218	2.070914975398111
19	349	1.83174723820767
19	404	2.859176207756419
19	411	1.4444145657880418
19	415	1.2562600376155912
20	110	2.0036789462141478
20	149	2.0497175270950323
20	187	2.249310844048121
20	198	1.95890990991204
20	220	1.3322574034781474
20	279	1.2508638479588097
20	395	1.9957745046988333
20	396	2.4494261272675932
20	414	1.9364272709375845
20	423	2.1707760796544417
20	460	1.6175073723232622
20	474	1.9642344002139613
20	481	2.4104357087210677
20	487	2.410049315660684
21	67	2.409694453732297
21	78	1.456445392996219
21	90	1.3427809050711585
21	105	2.4594353130329036
21	141	2.0036964934940076
21	153	2.1865144844895936
21	178	1.360305810209874
21	209	1.4322867630785614
21	308	2.009308205537029
21	320	2.169548411085061
21	362	1.8047110997425713
21	380	1.2524663702129124
21	445	3.116740031684826
21	452	1.9322588922619817
21	456	3.6991510224788238
21	486	1.6992858344070467
22	67	1.5690990501007318
22	160	1.3482246888192788
22	186	1.5139020398637864
22	203	2.405029735976974
22	240	2.3603725504191653
22	259	1.4036397522733342
22	288	1.479462355537805
22	313	2.875896435342753
22	344	2.0314890495620284
22	353	1.2961540231505433
22	464	1.6443610362544523
22	497	1.644653886636524
23	33	1.7941275280735542
23	53	1.7832741615741514
23	141	2.1386707457841765
23	280	1.5998516181458429
23	308	1.2149383983407411
23	320	2.211204436405697
23	393	1.8042995639028345
23	488	2.1767840613350877
23	496	1.9022475304042104
24	49	2.440683848457081
24	73	2.197469859385559
24	81	4.175568545023374
24	110	1.8867054631447346
24	139	1.9177160422847506
24	181	2.171268445430111
24	261	1.524772257274541
24	297	1.3788554211553357
25	51	1.3066667358650865
25	81	1.8594654787886586
25	100	2.046631499261993
25	114	2.355616069731543
25	117	2.472043913432124
25	167	1.3353553205837776
25	198	2.1163453157573393
25	338	3.130988533942128
25	341	1.2663483944660887
25	419	2.0725362311802793
25	436	1.493138811593878
25	450	2.217993034369012
26	61	1.8500870835088477
26	138	1.7266199417145964
26	194	2.1183375196019636
26	233	3.6492377019608755
26	305	3.530635616122699
26	309	2.2527082450227898
26	370	1.3188959539683434
26	377	2.433510461193086
26	404	1.558936581065347
26	442	1.2194021290683201
26	448	1.2705860348029165
27	34	2.1246390278797658
27	56	1.5857107269239006
27	70	2.117726978741601
27	242	1.521014333377408
27	266	1.6277495851508885
27	267	4.945791658784147
27	301	1.9261440740896467
27	372	1.223238887400985
27	383	2.0220499970215666
27	411	2.073091976800205
28	74	1.9156660133580043
28	166	1.9136410213292132
28	246	2.049148885134344
28	279	1.8479179581410314
28	298	3.6028837659873583
28	351	1.36922133508437
28	376	1.9963029131033148
28	405	2.3067073487864773
28	475	1.7123299783705668
28	478	2.4990661287507425
28	490	1.3981011340825256
28	491	1.7209321323351698
28	499	1.716590224679127
29	104	1.2517158329650424
29	218	1.6010034280478578
29	241	3.299836358299756
29	262	2.4077178859406363
29	293	3.7401384376785423
29	319	1.7026992958539877
29	349	2.2043211859331273
29	356	1.490565339268979
29	361	2.112083806882114
29	374	1.9400385195178775
29	448	1.4944287499705666
29	496	4.257645460550627
30	49	4.104156373701391
30	109	1.3764872595724689
30	170	1.9400441943682862
30	181	1.9337517814934058
30	266	1.6595660006815611
30	357	1.8541731615583943
30	458	2.4199432391674467
30	481	1.8317198673570951
30	487	1.5754232873113643
30	498	2.443780340243116
31	75	2.18932524213124
31	86	2.407854814123091
31	112	2.0667001558761173
31	183	1.7740204821319243
31	204	1.256897820089161
31	245	2.1328084406210106
31	286	1.5797718251750301
31	342	3.9069018817136243
31	452	1.5357127636981274
31	462	2.1580510457035658
31	472	1.9416758024066558
31	492	1.7416906982745788
32	35	3.700313196612345
32	38	1.4321627371398282
32	98	4.463118722210733
32	222	2.4035862009465436
32	224	3.5198046517912562
32	265	1.8515955632079557
32	269	1.4544036288598299
32	373	1.5388391259385261
32	467	1.5019429912200453
32	497	1.7976045545755752
33	46	1.6364091657970703
33	107	2.4585623352651473
33	131	1.708182443975868
33	256	2.0118102589154985
33	259	2.4248576130678394
33	419	2.2498350837155927
33	422	1.541424849077457
33	455	1.6989497705821957
34	55	3.4336125695748603
34	57	2.107654655668532
34	84	1.753943397146037
34	134	2.461288812055007
34	139	2.164444879849619
34	145	3.6854264591045536
34	165	1.3032003372889605
34	237	2.3453946249485647
34	348	2.26287636385951
34	426	2.0624697599205493
34	457	2.2529670922823044
34	484	1.249756483907745
35	80	2.4785732011462183
35	99	1.5504222916948027
35	244	2.0416991166961176
35	373	1.3500891446134762
36	53	3.357816229127019
36	154	1.2211631523754443
36	165	2.4989921611221746
36	190	2.2284437565736326
36	271	2.4335043956884252
36	302	1.256156365353656
36	314	1.9011401916981203
36	354	2.025912638758178
36	394	1.9432757871932473
36	457	1.4960451485067199
37	43	3.453348300606483
37	50	1.9964907450974878
37	135	2.032804193636692
37	155	2.2470843035632377
37	173	4.298299895077001
37	292	2.3545376888202734
37	306	2.0937977321697026
37	332	1.9864245701567138
37	338	3.7307172693295554
37	341	1.4452649709543148
37	345	2.0445815231166264
37	394	2.1162201516846673
38	75	1.2271377057221002
38	86	1.2391979703726856
38	112	2.049037705832507
38	162	1.7944802504176098
38	213	2.0319991171803844
38	242	1.411433483569311
38	267	1.9157659026134877
38	287	1.6863184244542315
38	324	2.3850922748675987
39	41	1.3264043879409109
39	101	2.029772829025785
39	164	2.0295317607264924
39	177	2.4413293417273545
39	230	1.2573669296368042
39	241	1.6973263075119984
39	254	1.9134867173368244
39	268	1.2100805875733842
39	393	2.232641626956051
39	496	1.2751423448259198
40	108	1.7668655653176226
40	137	1.773186264744267
40	208	1.5658006656463797
40	240	1.796171414619611
40	249	2.411100599038255
40	260	1.6003159393816542
40	327	1.557855126743578
40	364	3.5299956302245405
40	480	2.323509102821767
41	71	2.121684240022588
41	150	1.698264970619326
41	180	1.5095066191543949
41	202	1.225001517306939
41	252	1.929384082664348
41	268	1.465253346901231
41	309	1.9597031899350044
41	318	1.3024081051237737
41	403	1.9213458010581823
41	415	2.1570436473635755
41	448	1.677769930644018
41	485	1.8507547528117758
42	94	1.679008032231336
42	97	1.4077860699899085
42	116	1.246322786985081
42	168	1.2804225077745208
42	186	1.9669714996124652
42	258	1.7564522255210868
42	305	2.182196424979047
42	319	2.952922572192782
42	363	1.7998030585624238
42	366	2.2433711520512447
42	391	2.2086184534751916
42	495	2.222364891816163
43	51	1.8190024604025368
43	116	1.9261023633189946
43	173	1.7508265337654505
43	225	2.083081744607049
43	408	1.5184253517069937
43	409	2.1125935989897995
44	49	1.7028395743123383
44	66	1.291935165559009
44	266	1.449315077354532
44	289	1.619936507935317
44	334	1.8829063324175004
44	424	1.8643578924867863
44	487	2.402323107077688
45	92	3.8690466390238774
45	142	2.4649217039033102
45	171	1.4115402486810065
45	179	2.201169035971402
45	283	1.5533542678130354
45	304	2.1031922141788875
45	324	1.2458263939000558
45	401	2.491048701073348
45	421	1.6404660204914516
45	430	2.01324321049282
45	438	1.5931106186291666
45	470	2.3091442295126985
46	115	1.7272685784756283
46	120	1.6031880700380148
46	131	1.5959629993541156
46	155	6.028094844290932
46	328	1.6737714242935566
46	332	3.478298677713317
46	409	1.869285072124423
46	429	1.5907110440779952
46	450	1.8364454188186143
46	462	1.7852968800207603
47	71	1.2795375155982116
47	82	1.5884306693654535
47	119	2.322180273764182
47	128	2.017296160280721
47	151	2.22691453656633
47	160	2.2126121640840943
47	229	1.2149710715945172
47	256	2.918987424599721
47	259	1.8472519570325137
47	296	1.3990235114914107
47	297	2.464668465599413
47	397	1.531440176596615
47	424	2.0980899806178663
47	427	1.4282799366634482
47	455	2.0168092729916443
47	497	2.189969295535392
48	147	2.0560913196241684
48	152	1.5388842692765734
48	171	2.280564647747885
48	173	1.9730520000749483
48	207	1.4945734150892866
48	225	1.2488275842690237
48	286	1.2291353462859527
48	292	1.4901017503562959
48	332	2.154803401151369
48	338	2.473423072369373
48	339	1.712298290970495
48	341	2.3335817887551165
48	441	2.244513203518238
48	458	1.9805586238953978
48	476	1.3657677097965741
49	96	3.932496127776078
49	125	2.1079847957766153
49	181	3.575035031206324
49	183	2.2135178935857582
49	185	1.533402402368649
49	187	1.8445900004829614
49	261	1.5825715556522835
49	266	1.3379875341357348
49	334	2.165761541833569
49	460	3.7778524632274513
49	469	1.6662565141197334
49	499	1.8017444437728698
50	97	2.0732998208795568
50	116	1.928973921340483
50	156	1.7396667817651155
50	157	1.297881244226505
50	277	1.7073022091101282
50	338	2.2308861952889014
50	363	2.3244593132432048
50	401	2.304389215679306
51	116	1.2839923034337068
51	127	1.5959348449405597
51	201	1.582075555226589
51	204	2.3669365529948054
51	225	2.465213553300323
51	339	2.4714794221331324
51	400	1.4570786518965009
51	441	3.6706870969502603
51	458	1.4717442418249065
52	137	1.7897382104427912
52	249	1.6267080075126448
52	325	3.293407801248873
52	406	1.522140748278504
52	430	1.2252399970045031
53	55	3.830922291448244
53	100	1.870325993193698
53	106	1.9435108188758066
53	196	1.5588417107962997
53	223	2.23162731953283
53	228	2.482945905410796
53	282	1.8904550754118765
53	354	1.524643917098933
53	377	1.3163843784549232
53	417	1.9535292894248755
54	128	1.501406232330687
54	259	1.301504383737126
54	275	2.4505166157097955
54	322	2.0482796037278526
54	390	1.5742944606344942
54	427	2.3704713693507977
54	434	1.304054970779992
54	459	1.765963814340985
54	497	1.2549516370910518
55	62	1.474523055349173
55	99	2.2659970085181986
55	123	2.387363179408824
55	145	1.2000450698893557
55	232	1.7050016736371496
55	257	1.901517784890366
55	278	1.7027113467277784
55	282	1.7259808850448883
55	302	1.201211911887261
55	322	1.8306946894245453
55	367	2.434400185577871
55	388	1.506508970823204
55	441	2.0339826307884104
55	446	1.6609804854153127
56	90	1.2102424678265473
56	112	2.1579311064278937
56	125	1.270498796112319
56	262	1.2450123933950572
56	274	1.4110529161008747
56	286	2.284145635673201
56	337	2.2763048943919046
56	403	1.2767391234820058
56	451	1.7468465472921586
56	470	1.9855814587137666
57	66	2.336843450220063
57	113	2.0706530206874234
57	137	2.2712779036916215
57	153	1.969656229138899
57	182	2.994124414391446
57	217	2.2874358255847276
57	249	2.314902459356475
57	348	1.3056601375254846
57	353	1.7488266301968647
57	385	1.57425229530869
57	399	1.5501254065500547
57	420	1.6290305538849172
57	433	2.499441218600612
57	474	1.4356613480128342
57	498	1.4425272055045382
58	67	1.988995280869708
58	76	2.4991489127624096
58	92	1.5601237169531406
58	112	1.5484237410276476
58	118	2.4900264011196866
58	125	2.074202016947729
58	135	1.5953696854546555
58	146	1.588575466844822
58	166	2.333048618983723
58	179	2.377097825362158
58	205	2.2871518409602465
58	262	1.6270919158866284
58	267	1.947841702661146
58	355	1.2661290072939526
58	398	1.6075621703896017
58	464	2.2259046557700453
58	474	1.6775806984911963
59	269	4.399432187716286
59	360	2.8359497717520075
59	373	1.6052792321441274
59	441	2.2262017032067387
59	461	2.3348428204851
60	98	1.608314215776623
60	144	1.8704390964932178
60	201	2.3649191170855772
60	246	1.8423078925931131
60	269	2.4627554068932205
60	279	1.9017459650334487
60	321	1.4579572168826267
60	351	2.277172179082097
60	373	1.944234815173378
60	439	2.2032784381971657
60	472	2.132277945612708
60	490	2.938529364503256
60	491	1.9052078371211105
61	88	2.1835134671280567
61	143	2.3627398030579023
61	150	2.2028540100937057
61	230	2.211212165835496
61	361	1.503917670758537
61	425	2.408871995400233
61	496	1.6252071407709967
62	84	1.5347978556585828
62	123	2.144348880623398
62	136	2.438265902410599
62	218	2.2138249672188732
62	273	1.5315546116291814
62	283	1.5976772582293477
62	471	1.3155298645665958
63	79	1.268329207782051
63	114	3.5479662424158134
63	133	3.982220227077276
63	143	1.4914612111373575
63	205	1.6104281184769664
63	249	2.496066917913688
63	262	2.148908002208935
63	299	2.1954311126418653
63	335	1.8515199640403461
63	348	2.130909335114348
63	382	4.165620550772102
63	385	1.6129404978976742
63	423	2.0738087301256174
63	476	1.3445034779606775
64	166	2.2515367098818158
64	269	2.279726988512099
64	287	1.7624390923936974
64	328	1.857540587611259
64	347	1.7751019905899674
64	365	1.2211964322424462
64	373	2.1387872337469376
64	427	1.2140834447384805
64	455	1.564065873345665
65	122	1.6774275970138257
65	365	1.9422597901168328
65	444	2.2023530331079013
65	449	1.8196328683921603
65	481	4.4025610201568215
66	81	2.3682067403279143
66	96	1.555316103315223
66	151	2.0398505647137637
66	177	1.6365524049720954
66	183	2.2849021361401736
66	309	1.3192668371054888
66	325	1.8245878224308147
66	449	2.3269763880887666
66	460	1.8797153777283153
67	133	1.6662240411700786
67	193	1.2188966928376719
67	209	1.2355085961869798
67	250	1.9914782216726485
67	285	2.4098322413599083
67	308	2.455084257943943
67	313	1.9426682700979794
67	316	1.2515058839967936
67	323	1.940568785075381
67	346	1.6263353467125607
67	362	4.581108698766968
67	445	1.5498767252176766
67	488	2.2170600489408985
67	494	1.87353268290975
68	151	1.5389291964275764
68	159	2.4135659103145137
68	219	2.10798945611684
68	352	1.8684631696476561
68	390	2.0762084169142403
68	418	1.4459406400609438
68	434	1.708017551029346
68	455	2.280389854448699
68	478	2.1848848805402845
68	497	1.8393918933974733
69	108	1.431448595948167
69	133	1.336735041976844
69	138	3.22843471357674
69	206	1.292860282357798
69	212	1.2228372438326334
69	260	1.7175024168606279
69	327	1.8635227039138136
69	406	2.195252245411189
69	423	1.3785015654575656
69	430	1.6548762559363115
69	465	1.560706303984908
69	479	1.7503929706318597
70	111	1.506601973419204
70	125	2.0505041626436116
70	158	1.2491669712733122
70	162	1.831775234910187
70	177	1.650227939312575
70	274	1.798508440424597
70	276	1.6693855102235289
70	282	1.6462363234650323
70	433	1.2194585265309632
70	442	1.3240929990581527
71	72	1.4077001349175016
71	119	2.378808409793673
71	219	2.009365911350903
71	295	2.2562290426319684
71	402	2.416713039604219
71	464	2.0616651037444624
71	497	1.9979171316419708
72	131	2.346599281199608
72	151	1.6735651407192766
72	160	1.6107893620389029
72	203	1.9179467492376776
72	235	2.4543609401430833
72	275	2.334581984042911
72	279	1.620399910216527
72	308	1.944448513107651
72	310	2.312906787893829
72	367	1.812185935579612
73	139	2.042094116234246
73	357	1.7211582530336682
73	444	1.8410358803748996
73	446	1.4475161771253768
73	469	1.5732236735442158
74	212	1.5745352912192918
74	222	1.9497539331462965
74	244	1.4562426107622037
74	269	1.4913378314146333
74	365	1.7874117839777592
74	440	1.7169743421831698
74	443	1.7311876696497128
74	467	1.8398687303955636
74	491	2.1593166219537707
75	121	2.491933797174879
75	214	3.3253250471821847
75	296	1.9579470162464356
75	318	1.6265379737646888
75	366	1.422276078147713
75	381	1.9838057947334224
75	412	1.5630315272119453
75	431	2.03132324281557
75	474	2.1150739519171924
76	92	1.3881595539052085
76	124	3.907438510158344
76	125	2.168783174406804
76	146	2.169489630743162
76	180	1.49037564126993
76	230	2.094734665992486
76	280	2.3784446397510246
76	291	3.57064106958932
76	333	1.7415668694695468
76	355	2.2946300211811703
76	372	2.213664272812634
77	136	2.150087360762501
77	259	1.8046221884250826
77	354	1.9382239558109795
77	394	1.4715614847117975
77	460	1.6685801253487968
78	178	2.3729982419429385
78	242	1.8988588658332506
78	276	1.5921537611707615
78	312	2.4811179989412766
78	347	1.567998448946668
78	452	2.378213847011085
78	456	1.5281540410548544
78	483	1.3706510069926752
78	485	1.6979944372629996
79	132	1.8558212531825007
79	138	2.3117266540920203
79	197	2.0912375834317873
79	205	2.473649849321404
79	249	3.9775467839205474
79	305	1.5408980610255298
79	325	1.270349145650981
79	327	2.2897196725802313
79	375	1.9537649728742683
80	243	1.6325000855438634
80	268	3.1889144166629526
80	293	2.3939574144159783
80	298	1.617834544080164
80	349	1.8311034466307579
80	377	1.237851981795424
80	404	2.4795348441036427
81	96	2.133304453919746
81	140	2.2086164798451273
81	149	1.2263385567638276
81	300	2.2965208411810045
81	365	2.183483623326383
81	379	1.7744709469883577
81	396	1.9189788143317061
81	423	2.3472773829781763
81	454	2.207693621439879
81	487	3.282192281625956
81	498	1.5202390739524998
82	128	1.474878205060622
82	153	2.410201980819699
82	185	2.271866451058081
82	295	1.3427268466139175
82	326	1.2437768256699766
83	285	1.5899699200068569
83	312	2.2642923466379514
83	380	1.9141605238657937
83	416	1.8906958503865237
83	482	2.2542517184480646
83	498	1.3586722722191436
84	123	3.235082268998993
84	136	2.7425254845498617
84	145	1.9353071315532206
84	154	1.5518553254299539
84	270	1.8593933242799565
84	278	3.1933513679972396
84	354	1.7043855325299595
84	376	1.9436165825855136
84	392	2.2660707437661367
84	426	1.4969985790750566
84	484	1.4775365103186915
85	125	1.2988701699781948
85	157	1.4136489625393773
85	169	3.1061086017696127
85	219	2.030442567598699
85	255	2.1521508787679493
85	300	2.0418335709273654
85	324	1.3833078366027562
85	337	1.6328530141523434
85	411	1.8714557920803596
85	421	1.5850089787794912
85	434	1.5791290461813972
85	463	2.4462667940608647
86	91	1.9776409319906492
86	216	1.3162418357296752
86	231	1.958589019672185
86	299	1.487015229307152
86	301	2.394060062290744
86	403	1.9338303592693467
86	451	2.133071993691953
87	97	1.7805447134980774
87	116	1.7713637067928496
87	137	1.3991461696646392
87	155	1.8960015609999727
87	222	2.1572231118414202
87	239	1.360252584816001
87	306	1.4241858106077872
87	319	2.1025914007895623
87	320	2.075216558836244
87	404	1.871232561311725
87	458	2.437297152076037
88	133	2.8395805944260903
88	150	2.1389935237812794
88	165	1.7370615214152463
88	177	1.9425926556138768
88	194	1.7196456292469406
88	233	2.093074713872714
88	241	1.2246245335409658
88	254	1.5864011022956537
88	255	2.430030806204214
88	370	1.6394122155959554
88	404	2.481150151543303
88	415	2.4389955050101864
88	448	2.2456755313279015
88	496	1.9666731499826215
89	210	1.9145758259158097
89	354	1.6663340776264066
89	367	2.07701776149567
89	394	1.4555254981152634
89	426	1.236423874805687
89	457	2.238500423414573
89	473	1.4343009177515125
89	493	1.8318832391224862
90	105	2.2490142375131033
90	153	3.65405658457031
90	178	1.803293588385392
90	193	1.5234519686366501
90	250	1.6524678704017473
90	296	1.3582414107083
90	302	2.035691418253343
90	311	1.3660403999280173
90	320	1.9966053028981208
90	329	1.7054857615145371
90	346	1.2503007274899371
90	408	1.634746400688749
91	216	1.493628900791704
91	277	1.3440579468419618
91	301	3.6520737667367777
91	381	6.460189059456064
91	417	3.9213959597942134
91	444	1.9748050321215076
91	446	2.2563561028294483
91	468	1.2980427410916175
92	135	1.7734116077054702
92	142	2.4461404067408674
92	179	3.3885133026151797
92	267	2.461028202629234
92	296	1.3409992419629364
92	303	1.724148211096949
92	304	1.959681847763282
92	324	2.294553964969806
92	333	2.2839903065025933
92	383	1.7795596454176357
92	399	1.2037524726585138
93	98	1.2112056050814572
93	116	2.205726022255001
93	241	2.492699283704183
93	246	2.284789475666166
93	253	1.4162361045169973
93	260	2.1600791434077067
93	268	1.591364720888343
93	321	4.701488844086065
93	335	1.35116407465536
93	360	1.853748780508984
93	396	2.429879887098619
93	469	1.5410129704759736
94	156	1.3845791992805978
94	178	1.7323807736508
94	328	2.048819425001569
94	366	2.1402614743993116
94	408	2.3802051563869355
94	409	1.8626565476405563
94	436	2.400000536852752
94	467	2.2319875819844004
95	124	1.9167706539332348
95	135	1.3510454438737711
95	311	1.4041209246975224
95	330	2.41638698916052
95	355	1.4956577209309887
95	358	1.6158161340530137
95	421	2.173228762674155
96	110	1.395393099975408
96	140	2.090812209288069
96	183	4.0192437004508115
96	190	2.453268387978834
96	203	2.4091438994961054
96	407	1.7632871092096098
96	414	2.4703185126116622
96	441	1.6238229485238072
96	473	1.7616760525569712
97	147	4.3535689400939575
97	156	1.6538979917486594
97	199	1.8606462466405893
97	292	2.388229377993888
97	341	3.276453914853765
97	366	2.158997272592585
97	375	2.223068212750605
97	422	1.2040189785599706
97	429	4.261322853134009
97	449	2.3987621462502657
97	476	2.44762017934507
97	495	2.221454158302312
98	124	1.252994093299815
98	244	2.2362117577387437
98	296	2.3793310464688107
98	369	1.9695392298774412
98	440	1.6337935582046077
98	478	2.4260299975273494
98	489	1.5061079071439836
99	102	1.9785098753662616
99	165	1.8753112308736335
99	190	1.2304036654216421
99	273	2.4981881774626578
99	297	2.3126715690639292
99	319	2.4174833785950454
99	350	1.4840798855907205
99	394	1.41143055131808
99	427	2.4372108854042027
100	136	2.4307922578110333
100	257	1.4825537793650965
100	270	1.4917791111105367
100	302	2.207051887338883
100	322	1.7569349695366592
100	359	2.008539878040014
100	400	2.4069799481703997
100	471	1.8098861102593151
101	104	2.3422982802755294
101	127	2.378837546103182
101	143	2.4526216215312844
101	177	1.8425930510270205
101	202	2.1326831201267407
101	209	1.7249861012411989
101	229	1.863074559594701
101	311	1.9687982198003948
101	349	1.9013392777638911
101	404	2.2788167586071832
102	166	1.5885809745576358
102	224	1.459740767664011
102	244	2.13604111527958
102	279	1.8223951345065053
102	298	2.033113229959331
102	321	1.28182085408893
102	373	1.7677115954516622
102	447	2.850600081436855
102	450	1.6957042356857683
102	478	2.4918371977976124
103	113	1.3296472006786875
103	132	1.7688621870107433
103	147	1.7621102244495925
103	191	1.5645140835926243
103	206	1.2919394733612968
103	260	1.2925332391457018
103	299	2.019844058365945
103	357	1.9117097228367106
103	365	1.4039261469771338
103	385	2.124438923375453
103	430	1.9018168291111541
104	148	1.8947893130215374
104	177	1.926878389461124
104	180	2.43702855572741
104	218	1.208785223330769
104	281	2.1314364609945375
104	293	2.2100939538277515
104	305	4.656430231160402
104	361	1.2486489017206135
104	386	3.872414970184128
104	442	2.0093792345675787
104	448	1.3578217744837018
105	141	1.6218373694062946
105	197	2.32444137593621
105	212	1.70106056173831
105	262	1.439896964144657
105	308	1.2208970844750555
105	311	3.150969247712821
105	424	2.1806007705137507
105	452	1.6144969011285004
106	123	1.5586434432792304
106	165	1.2337471917230214
106	212	2.4954655663232472
106	297	1.8803014073583735
106	353	2.4546783960391574
106	426	1.225221212869796
106	470	1.618210124785802
106	477	1.3925686580885905
107	130	1.5297142476278065
107	190	2.110465677889221
107	235	2.3742143835125207
107	272	1.3172707669566377
108	113	2.2681777742603293
108	114	1.704670347925962
108	132	4.069112387550588
108	144	2.14795512286301
108	182	2.379755192569717
108	191	1.50691113188519
108	194	2.4310310642643342
108	249	1.501891914818509
108	382	1.397045879761717
108	385	1.2601638637805495
108	430	1.700964333535894
108	433	1.6558604857333323
108	477	1.4872827764284124
108	480	1.4857675108923518
109	151	1.6321461105898791
109	189	2.4148066101979584
109	283	2.1187705170002777
109	418	1.979073138720096
109	427	2.1701116765581654
109	434	1.4264366554966954
110	115	3.1104224936869445
110	139	1.2589937301012368
110	140	2.345522647085838
110	153	1.2604653403463688
110	187	1.812583449378319
110	266	1.3120821914327025
110	300	1.5570996621962756
110	424	2.1966383696310117
110	475	1.7247140199313051
110	487	1.9042823321098923
110	499	3.753986734971665
111	265	1.4485577552072268
111	308	2.3668075065320098
111	344	1.264704911714155
111	351	1.9452061738611872
111	360	2.2041978411076126
111	447	2.79500072319638
111	478	2.389804059902583
111	491	1.2040674996018597
112	135	1.8728706887363074
112	162	1.7054303045835868
112	198	1.9483923314307803
112	291	1.9837071581454575
112	337	2.9140094967357815
112	395	1.8552661237809174
112	398	4.340125512335764
112	403	1.5249703575584048
112	438	2.0318499309643405
112	464	1.826107058168211
112	494	2.4737316332671453
113	191	2.4382619072532634
113	205	2.189535329820651
113	208	2.158721842508121
113	217	1.6558456363559189
113	249	1.8358085864153957
113	260	1.9959633505700904
113	264	4.706914664143257
113	335	2.124309243126989
113	347	1.7994307896809454
113	348	1.7634599833751416
113	406	1.6846972917493415
113	423	2.209682042834684
113	451	1.8166335694003493
114	137	2.4260813847437817
114	206	2.1162583506118784
114	325	1.4270134113728905
114	385	1.7349613854238588
114	406	5.0274791459771375
114	430	1.728886445555915
114	477	1.8548544834310725
114	479	2.028184706159011
115	129	1.537975762772041
115	154	1.2268148489990127
115	211	2.058746030640172
115	289	2.3556959978141085
115	473	1.7575947042838895
115	475	2.209108255734961
115	499	1.5945999057363154
116	120	1.2544328896965697
116	189	2.1542513399713177
116	258	2.154292301960993
116	338	2.35002454390587
116	371	2.062962113793639
116	391	1.7585270184566468
116	476	3.8658356203318243
116	492	2.393548847072168
117	144	2.4874910357134046
117	178	2.085877505760881
117	311	2.4999957895622527
117	347	1.2966193081557442
117	362	2.470950840029733
117	420	1.4041472076431847
117	490	2.3027824974892592
118	125	1.4045645445676374
118	158	1.9439345562980916
118	169	1.5228976924004256
118	198	2.3852309959278037
118	213	2.3146194703288367
118	230	1.850960106259151
118	255	1.781237037047465
118	387	1.2289488662052295
118	401	2.473972765850834
118	403	2.0711072340677057
118	446	1.6463277541317214
119	203	1.3180493492239151
119	219	1.711286834274079
119	397	1.9278435991413436
119	464	1.2263368316666543
120	131	1.8103992245312028
120	168	1.7348406541708585
120	209	1.96070217603588
120	306	7.469063524435428
120	315	2.3851581988218324
120	402	1.7008016142941584
120	409	4.0199623240973175
121	163	1.3826165816342693
121	216	2.2031606696061665
121	286	2.206367725879156
121	296	2.1543586603668303
121	318	1.7958810136109609
121	342	2.1919046932677473
121	381	2.401860093564757
121	403	1.7261445235297308
121	412	2.404153785363145
121	451	1.377480299562606
121	472	2.4280821914293353
121	492	2.230405587530548
122	140	2.4255289829779745
122	274	1.3876529026290165
122	289	2.3177942811227097
122	355	1.6634848017488446
122	396	2.097163966477113
122	407	1.25303072644905
122	444	2.1386830710147775
122	449	2.468681437102748
122	481	4.668484753843698
122	495	1.3854588261998466
123	190	1.9210236100498546
123	228	2.394844185809692
123	278	2.0535546280380776
123	296	1.7233887530109748
123	491	2.472980712919017
124	129	1.7742760822438943
124	198	1.3372479400309973
124	253	2.462948562833061
124	255	2.069966591229044
124	262	2.3342449388350746
124	324	1.4524599579752178
124	333	2.309497351503039
124	370	2.3689457391225974
124	397	2.411461099875015
124	435	1.604684508728809
125	157	2.0935793388391852
125	169	2.2644991875191867
125	198	2.1130502792998085
125	237	1.6934915727549835
125	242	1.4064242260854427
125	267	1.2975531725825853
125	383	1.2933685767332828
125	411	2.4386747017678703
125	438	1.3567968866146813
126	195	2.498618337534969
126	196	3.943106528092269
126	232	1.4205207775044337
126	277	1.766067527460522
126	342	1.5780717661388763
126	389	4.044104106346083
126	460	2.4562082502701093
126	462	1.768349266714918
126	468	2.4778721223775673
127	186	1.3499403631540272
127	195	1.3294486675558435
127	220	2.3313333394310733
127	247	1.313950222789819
127	277	1.531640838646109
127	296	2.343456997557441
127	318	1.496686589983224
127	412	1.8959628781901563
127	431	2.343634528589875
127	451	5.27185060590053
127	473	2.3136545324466757
128	219	1.7914947746177101
128	259	1.9983034252930059
128	270	1.7524478638007162
128	310	1.251878779104679
128	324	1.6986517942484003
128	371	2.379000173678461
128	418	1.4340179133618107
128	419	1.6724666450137506
128	455	1.9414251472954152
128	463	1.6018741362948297
129	165	1.5974760943058681
129	171	1.755203197292959
129	179	1.321744653368713
129	213	1.8883506625906028
129	262	2.339496736108656
129	303	2.3335393834861335
129	304	3.493356382050562
129	318	1.2766762281759154
129	355	1.771107339184867
129	387	1.359973918477735
129	397	2.471305968925385
129	442	2.307141765453076
130	164	1.3867817909743683
130	219	2.1330639109703964
130	310	1.4616879610028326
130	313	2.0922335318879646
130	352	2.03957148984514
130	427	1.9702651180764503
130	432	1.6557584193171624
130	455	2.048474341728774
130	463	3.2573708830155677
130	483	1.9657506615141938
131	161	2.021912453760546
131	268	1.5504614118768996
131	299	1.4259851247121431
131	307	2.1346124258425214
131	310	1.4914668472658104
131	313	1.2199211187653678
131	390	2.3871577928896413
131	427	1.9580510733968812
131	432	2.255319995777886
131	434	1.8634195636533886
131	464	1.2795553854485406
132	133	1.8940130691303583
132	188	1.8771947567678475
132	217	1.7275712624488573
132	380	1.9904633433183365
132	430	1.332234231269316
132	438	2.197589899633346
132	474	1.421628907797831
132	479	1.7847091140270637
133	202	1.6649118542421173
133	212	1.3902432613013087
133	223	2.4901944151943183
133	233	1.9422554941928718
133	375	2.339810061457462
133	406	2.8013139293529914
133	433	1.315199792296822
134	192	1.523175909988631
134	223	1.403456908045074
134	354	2.2190011124766293
134	359	2.4138842656541253
134	388	2.4705261024220437
134	400	1.799815528587543
134	414	2.0176597403024603
135	146	1.9911122061277569
135	161	1.5960393529540233
135	171	1.275910326111618
135	179	1.418908492501223
135	303	2.3805071624337155
135	333	1.418802505680041
135	355	1.5942376864312224
135	387	2.2594254509787675
135	446	2.2150595206548127
135	478	1.3178548068309093
136	154	3.8270137102443567
136	195	1.4221885655693298
136	210	1.7952992821733709
136	231	1.3935666954707733
136	350	2.2314449976358306
136	359	1.425002533746765
136	469	1.7529247326784079
137	215	1.4377467915128666
137	325	1.4130150112249849
137	327	2.115456173493884
137	348	1.6948653973425423
137	385	2.060983559826308
137	430	2.490064078130925
137	433	1.9832994593300886
137	470	1.3046630303499795
138	325	1.3426696073141144
138	348	2.30701114244148
138	406	2.1225958844160098
138	445	2.4882236190784934
138	477	1.4952235230444326
139	187	1.9730765809514013
139	300	4.642306880290892
139	396	1.2842932919537806
139	487	2.187532070673227
140	183	1.964580411571311
140	300	2.212730823778821
140	414	1.6693021723440626
140	444	1.361712545634157
140	475	1.2890458900660142
140	481	1.6092704289280928
140	496	2.3934769149494146
140	499	1.3077458855931494
141	163	1.7469790928751034
141	170	1.2499929380136796
141	175	1.7665011350744322
142	162	1.6180894676579813
142	262	2.0266359158592984
142	291	2.258908873099104
142	310	1.3191734373311355
142	324	2.1509830792108495
142	360	2.3347000766063837
142	383	1.7519740236209889
142	398	2.2711509435616053
142	403	1.328183765834537
142	491	1.2365122167405238
143	178	2.389884817008274
143	244	1.9771615200410282
143	396	1.887932427387384
143	425	1.8102545557141507
143	496	1.8693261006371915
144	163	1.4707877858065332
144	166	1.3961873232033255
144	212	1.2412801337241661
144	217	1.8658761303575806
144	269	1.7175038225390218
144	279	2.149440807986835
144	354	2.4809447027418745
144	392	2.1911339383575905
144	412	2.21931849829125
144	443	1.875368467511405
144	447	1.6895443877228358
144	491	3.527709417856484
145	221	2.2299548087801653
145	223	1.5890434741497805
145	231	2.33516946712029
145	232	2.146477406397686
145	236	1.4113068977823346
145	278	1.688510134923855
145	288	2.065242289982637
145	354	2.3118265013964523
146	230	1.8255530359077219
146	241	1.214593443713094
146	301	1.756027882592788
146	369	1.824560904700156
146	372	2.217237228885592
146	397	2.290047435434296
146	438	1.8657088114938567
147	200	2.2250430623713005
147	271	1.7565483717682746
147	292	1.8390191273494176
147	345	1.5291776576002978
147	375	1.8228506363912742
147	391	2.434545001572342
147	437	2.231268376346568
147	458	2.2269141063843807
148	153	2.4595755769934846
148	217	2.193042729854355
148	227	2.423446393269261
148	265	2.298250191742638
148	308	2.1535710844128073
148	428	2.070008851323198
149	192	3.6941831090588133
149	449	2.1822266855316323
149	473	2.308076260384282
149	475	2.314882069407626
149	487	1.61996072445004
150	180	1.280629787441295
150	268	2.4858643642750575
150	356	2.391511855020588
150	425	1.7767553079728815
151	164	1.8668905917828251
151	219	1.3390999576993012
151	248	2.4725819909103186
151	256	1.6324434532502194
151	259	2.207835098756374
151	275	1.3301440241351288
151	390	1.3918286001436373
151	418	2.1340288061701336
151	450	2.2027132277765666
152	156	1.8905910868789342
152	165	2.1353888738666145
152	239	1.2732171379772292
152	319	4.555671271411328
152	328	2.0490796527539406
152	436	1.391264700989797
152	450	1.352000047559996
153	161	2.003191587095083
153	170	1.4688608587783056
153	197	1.232796593637199
153	348	2.4681263771453485
153	364	1.5191178911777923
153	410	1.2550339290985948
153	411	2.303251506149891
153	418	1.5009515736522152
153	456	1.2677064393443458
154	271	2.260639187430621
154	294	1.4284664315585602
154	302	2.010961577875377
154	331	1.3361982822507896
154	363	1.7089943206068754
154	471	1.2585252063415606
154	493	1.6100716252005887
155	239	2.6796059501110623
155	328	2.277672869771802
155	332	4.4998557314468375
155	339	3.9523562797021707
155	372	1.2427431249803664
155	405	1.9144822509956498
155	450	1.3641337115103827
155	458	1.2237756261444956
155	466	1.899926085453811
156	167	1.4631496218581095
156	233	1.775696941532903
156	341	2.275185143757432
156	429	1.4996310978866862
156	436	3.879825934041528
157	267	1.3975264767771307
157	303	1.5509183052485545
157	325	1.8512877358113955
157	333	1.9061901245842714
157	337	1.3272310577118571
157	372	2.4911866616818177
157	383	2.3432905090485656
157	401	1.708527025906391
157	442	1.9666232394273888
158	203	2.2808724489900976
158	230	2.012675546854182
158	255	2.033149636033802
158	267	1.7602702794990752
158	274	2.2097127117531463
158	333	2.217564261675883
158	387	1.6041289658023863
158	397	1.3457656417234176
158	403	2.2686847210639565
158	438	2.3508641515740853
159	203	2.2536421574785876
159	275	2.0000888323925943
159	319	1.4683509191809339
159	418	2.182259992915701
160	229	1.6443120487971146
160	244	1.7394943396079698
160	272	2.4315406175176153
160	371	1.8854542127726548
160	390	2.1034909807130004
160	419	1.5677078669709512
161	163	2.3968199391302414
161	172	2.3446953981304146
161	312	2.303068695086484
161	343	1.696052906783669
161	347	1.4884893591583959
161	456	1.692216798380289
161	472	1.4952713233232913
161	485	2.2453815555603436
161	486	2.4427949342026585
161	488	2.038019535216709
161	496	1.2367699218508785
162	377	1.573566028502686
162	397	2.2081147971373505
162	421	1.8982779387495192
163	281	1.5843694617035866
163	285	1.8615535368498968
163	308	1.311264881051503
163	312	3.5189586433985123
163	316	2.0088732579737396
163	344	1.8570961300738653
163	346	1.2730805547938275
163	347	2.4639374837526313
163	420	2.317071763385036
163	443	2.2624690049360563
163	452	1.7559250989594628
163	470	2.4222776833045074
164	178	2.376673153062767
164	184	2.3722520327176744
164	203	1.6610481837687494
164	251	1.3406329732212534
164	307	1.617041776069491
164	345	2.311933752849781
164	352	2.4728824998593177
164	418	1.7880190778925025
164	455	2.3466266515918006
164	460	1.303964346319349
164	497	1.242801212007173
165	171	2.073352963958288
165	237	2.2113658769962115
165	273	2.3743856801627703
165	400	2.43960206961209
165	484	1.8698333978118917
166	177	1.7854282211338015
166	187	2.2635573650516245
166	212	1.7156365741806092
166	222	1.680617626791335
166	224	4.61970510621666
166	313	1.8694591616265965
166	326	1.5261488446794804
166	373	2.082195305888561
166	374	1.8422735147658158
166	400	1.2662777494973898
166	467	1.6414610100142215
166	490	2.4693844181631217
167	230	1.663480447495959
167	366	1.9795138476183087
167	391	1.4086893650534202
167	476	1.9673000390063167
167	495	1.9641742123307924
168	239	1.9381160342701391
168	425	1.731965272565978
168	436	1.8505205901397626
168	441	2.0052153015663454
169	230	1.948450883264591
169	245	1.5885070652544409
169	321	1.4990394321224314
169	383	1.5532176418577086
169	397	2.47409372945919
169	421	2.170924771425538
170	172	2.009307560316453
170	207	1.3996317274777852
170	227	1.863146184701571
170	295	1.9890194318881966
170	316	1.8013750354957523
170	320	2.471720819034025
170	362	1.3140349625672358
170	379	1.236287980239229
170	380	2.258376582119752
170	382	1.827438692670018
170	416	1.5067122999252027
170	417	2.0362448138887785
170	445	2.285504400992871
170	489	3.651242016482586
171	213	1.4535978713230682
171	215	2.2314708470035827
171	355	2.079814784355986
171	383	2.3077569821982173
171	411	2.081326187184298
171	499	2.1276030200793175
172	197	1.9517115896511998
172	308	1.5709446862609038
172	323	1.4685030393470477
172	362	4.148684198599508
172	378	1.8587303221684373
172	489	2.2632306117344196
173	199	2.3769873679749143
173	328	1.9450240962786944
173	330	1.3683017296429472
173	341	1.2483008603288377
173	359	2.378344694820485
173	363	1.8216264281995094
173	408	1.7822871064229096
174	211	1.425931319296351
174	214	2.4967696778477704
174	280	2.452344119744068
174	285	1.6059138343345423
174	286	2.0338667464319578
174	317	3.631018535470129
174	410	2.1682854446807007
174	413	2.463814602122361
174	465	1.7082378533132379
174	468	1.811600467282383
174	472	1.384320776201709
174	483	2.236875969146033
174	492	2.0122591194428514
175	197	2.0403620481364153
175	247	2.0644233784421524
175	299	2.0495700610578047
175	312	1.6200210486853432
175	320	3.603273496034853
175	344	1.9475536535338662
175	346	1.9449550753875737
175	357	2.094039609450577
175	428	1.8373640876876025
175	489	2.1195580038224984
176	232	1.7122477176662207
176	273	3.514235059621159
176	297	2.2781116402521353
176	310	1.4164189839888655
176	350	2.2154168010541433
177	180	1.248608630274444
177	202	1.8227437878314667
177	263	1.336306772009217
177	349	2.162328181009161
177	393	1.6835304612195219
177	425	2.2654041640823817
177	496	2.0365751525086413
178	213	1.903757529078959
178	250	1.464332006327885
178	276	1.3446748399374673
178	323	2.1591214121236217
178	344	2.157691412045097
178	346	2.110194246900015
178	355	2.1059797449260436
178	489	1.8988136708335013
179	213	1.3177434701362056
179	287	1.6399799987989083
179	304	1.3695282119014989
179	383	1.2371344134985238
179	401	1.6014131743971234
179	421	2.085094514058704
179	465	1.5408525077888788
180	202	1.203098273969729
180	218	1.4861589330314953
180	221	2.1987265743755877
180	305	2.4733347726413824
180	370	1.387502811175087
180	386	1.8704614921231517
180	393	1.7249284149697677
180	415	1.4500723411819643
180	432	1.6221222685878571
180	496	1.2575189150887758
181	183	1.823307098674769
181	187	1.2651303366624207
181	261	2.3254285237950048
181	331	2.052203959601046
181	414	1.449033523479165
181	444	1.6645251894201734
181	449	1.4881721582292666
181	499	2.0018186807889204
182	217	2.16647556447985
182	260	2.05010381680985
182	299	2.4222218360036814
182	382	1.4679447333017466
182	385	2.7849045881203622
182	396	1.3272194699201694
182	406	1.65616484415315
182	477	2.1053147387311464
183	340	1.204428908016433
183	379	2.4873048179325767
183	460	2.323057139968731
183	469	2.14041217640632
183	478	2.1063340351433544
183	487	1.6817941530368106
183	498	1.617814470534765
184	200	3.326039700150449
184	241	2.058786019155944
184	251	1.8698080745414476
184	404	1.9299607196515196
184	447	2.326732865090099
185	283	1.2072401295204545
185	356	1.2355482113777112
185	361	2.175106921378829
185	369	1.9369452480060714
185	393	1.3212512215551206
185	415	1.3154619353777546
185	448	2.452533066348863
186	216	1.721019561956748
186	283	2.0157278696703145
186	284	2.4745068674155606
186	431	1.5855437564324286
186	454	1.9159209263466521
186	462	2.4653362605784848
187	188	2.211179336383439
187	192	2.1975769867942634
187	289	2.213498327179824
187	334	2.4216939632578436
187	357	1.6081852801158654
187	365	1.5930651080623153
187	384	1.8261488182911678
187	414	1.6897706861578163
187	424	2.15289876529133
187	444	1.4370170475486925
187	455	1.479338574782273
188	264	3.4332928844207293
188	327	2.122374778692003
188	341	2.456441659479414
188	344	3.214547239865756
188	385	2.441082520543555
188	391	2.124449235441748
188	395	1.5680252893888187
188	415	1.3780536587615257
188	428	1.3286310343537644
188	430	2.1406035465885527
189	219	1.9896383886260471
189	275	3.2358991499283487
189	455	1.7401338559029482
189	463	3.013927840347554
189	497	2.15095107726518
190	232	2.2991703435253252
190	236	1.7283763102991503
190	237	2.31916135188496
190	273	2.203310243071897
190	393	1.78802976667051
190	394	1.8470319554312185
190	429	1.6727476992402102
191	208	1.960509000668639
191	215	4.288725236154823
191	277	1.8606438350175094
191	406	1.9082512084403325
191	433	1.7133396291775478
191	477	3.444679146600904
191	479	2.0086417188275414
191	480	2.0418576916360234
192	266	1.8059140482124916
192	379	1.3741169579226378
192	416	1.4295390306218243
192	469	1.5061733947135494
192	481	1.6118125532892933
192	499	2.3127983114234842
193	197	2.4591959490303905
193	312	2.295413858809833
193	320	1.7797448836302272
193	329	2.060002540428859
193	362	2.397549459199203
193	369	2.158310228165254
193	416	1.967857127658016
194	252	2.024718348556832
194	268	2.02988955394083
194	272	1.2655788460785011
194	309	1.5375560639609225
194	415	1.3928094144669096
194	496	1.9749109463630907
195	286	2.4712753818382467
195	338	1.5240298035566842
195	342	2.3505993148342372
195	358	1.4863052108451802
195	410	1.9436309446673214
195	418	1.93640661394384
195	430	2.301162131485637
195	431	1.772072002323435
195	465	2.1443385987835613
196	286	1.4769622204981732
196	318	3.067759588222599
196	342	2.098312191665106
196	381	1.3143889143613612
196	412	4.10738767814534
196	413	1.517357645560359
196	431	1.8169842763566315
196	483	1.8155008357806968
197	250	1.8976742979868146
197	439	2.450123575506523
197	452	2.4432573554151773
197	486	1.918167560950583
197	489	4.242948241529525
198	230	1.3723654970291879
198	325	1.563019776329151
198	398	4.915561272386501
199	338	2.3032133131118786
199	391	1.376763724092902
199	399	1.6061064890639705
199	466	2.2598743147111877
200	202	1.6147577799162351
200	239	1.2822560736764033
200	241	2.1450789218661734
200	251	2.307639464243721
200	340	1.81250964430208
200	361	2.262897220460708
200	377	1.2500872918136035
200	386	1.9205520199424795
200	496	2.4971343293562267
201	221	1.275694350293066
201	222	4.814026666393845
201	290	4.719235392375044
201	298	1.3783931019005686
201	319	2.1579938930983382
201	321	1.3628770038687699
201	383	2.467643237855939
201	478	2.2331944050918255
202	257	1.628260743818629
202	368	1.463820840260785
202	415	1.71845382025518
203	295	4.387906122560499
203	313	1.3329497510134292
203	335	1.5728369995303133
203	380	1.469189683372664
203	390	1.7495796785395168
203	418	1.9594120247191067
203	422	2.120806601512496
203	432	1.7072887114870328
203	459	1.2607126799641024
204	306	2.2165228125364127
204	363	1.6398136097479679
204	391	1.5098959811886337
205	260	2.3961452112411687
205	335	2.078391697624755
205	353	2.310781833147951
205	376	1.6070125140719544
205	378	2.030319993181957
205	438	1.9675636543653126
206	249	1.7240205802244284
206	252	1.2491261642467246
206	364	2.453458212252238
206	434	1.7351676651025103
206	474	1.279486563783707
206	480	2.395637335299541
207	227	2.4310045877799675
207	316	1.7355001885497061
207	323	2.174956678685954
207	346	2.4923267464587195
207	445	3.6119234441670427
207	450	2.273638420485579
207	482	1.63684950876979
208	215	2.2646599443588817
208	406	2.265295833686808
208	423	2.0500506520778337
208	430	2.0640653608213797
208	480	1.5735864407572981
209	224	2.487234060813919
209	227	1.705344013135932
209	336	2.3410029330225477
209	347	2.4462034612515793
209	351	2.35522061453758
209	380	2.1154741655107094
209	428	1.590620122371703
209	430	1.633201892860109
209	458	1.8619180010518037
209	482	2.047224978553441
209	485	2.354343941949155
209	489	4.086925976251701
210	270	1.4700181229012912
210	294	2.2277073155712244
210	437	3.9553255983507767
210	453	2.477380243804377
210	484	2.332926228042205
211	212	1.873662291618428
211	296	2.0414007015742337
211	358	1.2463943175542562
211	389	2.3950594904738036
211	417	1.814843047171523
211	481	1.4416390269175303
212	221	1.3815665192527058
212	265	2.12321863083905
212	298	1.4313406960613055
212	326	2.126112680129973
212	392	1.8822769362518437
212	405	1.4516148106270947
212	440	3.422674703037813
213	245	1.8185196704966895
213	383	1.4580632593338922
213	398	2.4791431928990377
213	401	2.290760652246478
214	221	1.483043468872304
214	257	2.2325825798715635
214	286	1.595545699169502
214	315	1.8939613018761667
214	317	1.9671570028998981
214	318	1.2203644848602673
214	454	2.135446237861229
214	483	1.8933579468888135
214	492	1.4132782273284872
215	385	1.2218047856026648
215	479	1.7570277532270187
216	286	1.5344745104046713
216	412	2.129768036396814
216	431	1.876129682624244
217	264	2.1251960131750254
217	268	1.4337339827958622
217	299	2.3301198652817807
217	327	1.3121734376116108
217	335	2.085182746214273
217	384	2.3118983787390888
217	423	2.4095302300873964
218	309	2.192618560848361
219	235	2.308225102187986
219	248	1.7492188423117137
219	304	2.0615990480529205
219	349	1.7338654237981526
219	352	2.323561792390911
219	432	2.075770739726534
220	231	1.2983880119007902
220	257	2.125467011157339
220	318	1.6200783803839767
220	342	1.46949654419462
220	391	1.8069015905176866
220	399	2.270176450012522
220	468	2.4842404080144274
221	235	2.288735416494515
221	265	1.7363324883183573
221	269	2.3516277591292765
221	298	2.351769527923887
221	308	1.4836112371046142
221	324	1.504917761961924
221	326	1.2003711645352235
221	373	1.686084110701452
221	374	1.490199662784157
221	390	1.716313010823161
221	461	1.6377705305884527
221	467	1.4121795374365786
222	360	1.4174574387666539
222	461	1.4523437662464191
222	478	1.8418188507454314
223	232	3.702896177854801
223	237	1.6413677888440632
223	241	1.4307566897525053
223	270	1.8610410532695076
223	359	2.9428954262933287
223	367	1.3156525016751772
223	413	2.3908672223774
223	454	2.2780157154417076
224	282	1.4319547825929435
224	376	2.1615709303841757
224	405	1.8130516467483284
224	461	1.6284214380900708
224	490	2.286334175941252
225	292	1.4466971466486886
225	338	2.3042663681622213
225	341	1.3034297593637778
225	417	2.3070272501546123
225	441	2.1758827347531433
225	465	1.4499514625897791
226	232	1.8286592578856449
226	237	2.4011796940401697
226	238	1.56196641019404
226	305	1.925099867613095
226	350	2.215053996445
226	388	1.804232838916726
227	250	1.8610565944806678
227	276	2.302530678930185
227	378	2.1430187049534157
227	380	2.488749720218499
227	445	1.5585312656044001
227	494	1.321713636022935
228	235	2.0334401422157677
228	257	1.3717504458582486
228	270	2.162408587970356
228	322	2.115884977817883
228	426	2.0543326352679356
228	437	1.7305972805268852
229	372	2.3983164645809167
229	418	2.3737555833329838
229	434	2.4287674309028358
229	464	1.8526365583620803
229	470	1.627865194244111
230	304	2.13466818875599
230	316	1.981712822246724
230	324	2.0092864917420035
230	355	2.076877408471204
230	368	2.016449744275925
230	414	2.354851495019804
231	295	1.397560504962508
231	431	1.4790854349789468
231	472	2.445449369477771
232	273	1.7983370595410488
232	302	1.371162126635407
232	330	1.6533049979841006
232	471	2.1917729008488243
232	474	2.144965256886386
232	492	2.2985018350308364
233	268	2.1047619389965084
233	283	1.3658108274064769
233	336	2.4847882033750563
233	368	1.455091974184978
233	393	1.3067122801888607
233	404	1.4459298628874107
234	237	2.178781867622726
234	243	2.2236375112015634
234	263	1.6767930329542804
234	496	1.3224785329655229
235	259	2.4023251443267295
235	352	4.600817811960118
235	371	2.0217326699114295
235	390	1.7812271512375317
235	418	1.3287499359345825
235	422	2.063582868493619
235	427	1.8519307613678035
235	434	2.025867392880496
235	481	1.9801820186717376
235	497	1.680082312314753
236	238	1.9055683098376335
237	273	3.428700421149731
237	354	1.9588929384405165
237	426	1.9187736893551999
237	437	4.038010422199491
237	471	1.2370168917588602
237	493	2.4778744676815876
238	270	2.0308858990255434
238	282	2.4977314728030775
238	294	2.0077791836934336
238	305	2.1492020197522153
238	394	1.6229680234743635
238	485	1.938694858490837
239	258	1.3160968362467165
239	332	1.3076650330627317
239	345	2.1924580115898697
239	366	2.1192134247182532
239	435	1.430688914101741
240	249	2.410042389443081
240	264	1.8450074029380639
240	335	2.4567762373863946
240	348	2.4117354223227876
240	382	1.780572268732743
240	406	2.2824692071005868
240	433	1.525094228364425
241	243	1.8269940423304836
241	252	1.9095776590567457
241	263	1.9550077142362294
241	368	1.59530986305049
241	392	2.342203576763001
241	415	3.4036058659388955
242	267	1.8831211172447393
242	292	1.9695700894397707
242	444	1.7590619184385516
243	268	4.362456449490993
243	425	2.4665962155986456
244	253	1.8157941871866616
244	258	2.0132275519689387
244	290	2.001985470842714
244	298	2.4518328479810645
244	305	2.0250519226572345
244	467	2.1994407731725127
244	478	1.2494706857087698
245	255	4.788013161643393
245	274	1.8212347016130752
245	287	2.416032841448794
245	291	1.5170403333616234
245	401	1.6686442767463017
246	253	1.814792154659557
246	279	2.2086135584015816
246	290	1.3347425409529567
246	351	1.2380387093143652
246	435	1.352920217875189
247	272	1.94446197139371
247	318	2.176868742907425
247	381	1.903407095264297
247	413	1.800646981891533
247	451	2.342330449982091
247	454	1.3369122848190491
247	462	3.3112115713279784
247	465	1.6157130271070606
248	295	1.4360377242480913
248	307	2.2715979691980985
248	360	2.1675645526110277
248	419	1.3980422565876307
249	264	2.388638988375785
249	318	1.9096293873511454
249	325	1.8993529627372903
249	327	1.2182505950531244
249	433	1.601901891115807
249	480	1.4861605290888784
250	285	1.9155292672432325
250	312	1.322936023078898
250	329	1.979822857003228
250	384	1.6243809322544505
250	399	2.0448355288192324
250	416	1.3157196874723733
250	428	3.9668703337270954
250	481	1.2490685943783462
251	309	1.9217884577877347
251	367	2.285545760695701
251	377	1.9376503784360537
251	496	1.874697759319071
252	263	1.4146636949645814
252	309	1.8496455717327065
252	340	2.0262804683059685
252	368	3.924988846856946
253	290	1.5754691774964331
253	298	1.6247559099889881
253	321	1.5386716726457024
253	351	1.8744208721646762
254	281	1.9318186097061882
254	290	1.8553311612181633
254	340	1.7214755745722918
254	368	2.2932713709777186
254	386	2.160561522294717
254	492	2.2014537913652257
255	337	1.2626468937529043
255	383	2.049934940552486
255	410	2.087184922186389
255	411	1.8604559231587139
256	290	2.4380274114124143
256	405	1.2938599011407637
256	432	2.3059839883007527
256	434	2.3904879964885497
256	455	2.1581855586678618
257	270	1.8976396798464006
257	295	2.1638367487275674
257	297	1.931582629923031
257	322	2.229738350081412
257	354	1.7703415922824566
257	394	3.1863945266506697
258	328	1.9826613230825365
258	339	1.6032777337189603
258	409	1.2128905613644796
258	466	2.0082280723543873
259	295	3.1303681601118964
259	307	2.444459673289405
259	422	1.3438612047914757
259	459	1.6604306814811198
259	463	1.9219928397349062
259	477	1.6842903226448926
259	497	1.6204027682061763
260	293	2.0765508713164675
260	328	1.6026757391868602
260	364	1.8233924873654117
260	369	2.389715815106986
260	375	1.9816199467597237
260	433	1.6569414552765322
260	457	1.6602308089830922
260	462	2.3283314164384548
261	266	1.6572353372686308
261	379	1.5593984960873628
261	396	1.2392801268683247
261	444	2.0560679091410186
261	449	1.26559201016674
261	466	2.214132782282619
261	469	1.3287683012636737
262	279	1.8739760800500285
262	287	1.4613029375814603
262	331	2.4833041791679547
262	337	2.4875473469418763
262	403	2.443423505276631
263	281	2.0541958494675017
263	309	2.105442556717832
263	356	1.242506927631223
263	361	2.351861871867446
263	386	3.7347660237296405
263	456	1.2473480598809468
263	496	1.7659307928361114
264	311	1.2444196390917133
264	364	2.461934953702782
264	406	1.5437787262732428
264	441	1.302255665151668
264	466	1.7345383191927963
265	269	2.0255764068226756
265	321	1.3443203739234253
265	360	2.043902858399587
265	370	2.172446569668124
265	374	2.2778351848596188
265	376	2.22180235707972
265	476	2.2993058818958367
265	491	1.7554578531227951
266	300	4.1138064032367385
266	309	1.2317767767739862
266	334	2.1865099886080674
266	365	1.4670516245018623
266	396	3.9117257279878803
266	459	1.5141096579564832
266	481	2.054495095444948
266	499	1.6516778705546726
267	287	2.4961942758759617
267	304	2.2404375516912296
267	306	1.8393519733285943
267	314	2.2655060925961243
267	421	3.7051130946138264
267	442	1.2066570172572648
268	281	3.6252541417094575
268	404	1.8047766826688465
268	423	1.8965210446496115
268	446	1.9277756290253127
269	351	1.9613737809429308
269	360	2.0281638233292334
269	373	2.0234563223039945
269	380	2.4990752662245126
269	392	1.3683099852722262
269	401	2.0959267362081686
269	439	2.081914763767572
269	490	1.4514921239052385
269	493	2.1729638877487236
270	273	2.2895928312840965
270	359	2.2959036380653917
270	469	1.893275886744605
270	493	2.229807559123894
271	278	1.2801737478073945
271	302	3.2926676600693883
271	453	1.5741776164990176
272	284	2.3779641413707475
272	301	1.3181838453958914
272	318	2.15073922742719
272	354	1.282440629190239
272	451	2.0401160205616486
273	453	2.1041140055326046
274	337	2.304041550094153
274	370	2.058050341859118
274	372	1.7602571084912144
274	387	1.564932332066325
274	411	2.4525499912389503
274	442	1.3782785075783306
275	284	2.127882401542143
275	295	2.4095173187796783
275	390	2.415192009036895
275	419	2.1592347923908717
275	459	1.4148241588252353
275	495	1.388275311956023
275	497	2.2619452206563913
276	316	2.1422197171090422
276	320	1.7767564109313572
276	329	2.004034351704874
276	344	1.6564124472367379
276	380	2.1245616182938942
276	420	1.3923957882618936
276	482	1.654916139135471
276	488	1.4968273074061929
276	494	2.094936709791753
277	289	1.5176457374664534
277	315	1.6652870036175829
277	342	1.8539906682279956
277	345	1.3691589254068102
277	381	2.277752817449603
277	413	2.0683020454620027
277	431	2.162966606868357
277	462	1.7733504884610496
277	468	1.2654462562922197
278	315	1.5410944502162567
278	455	1.6074638181740721
279	440	3.3333522566097296
279	467	3.441092951452113
280	342	2.353445041021085
280	381	2.2447060599638715
280	391	2.0604234621284894
280	413	2.106984725711601
280	431	1.3557064498517066
280	479	1.6810173727469688
280	492	1.330163949053667
281	283	1.4789948587607036
281	328	2.298986698135932
281	377	3.6496584303198647
281	386	1.9059885555334275
281	496	1.2566863886837045
282	290	1.5409737042080538
282	322	1.7644644826157134
282	338	2.3360857728347435
282	350	2.2988603262671194
282	359	1.9418034139100757
282	394	1.9272767715818158
282	407	1.9012327294241382
282	445	2.2819189540879963
282	453	1.492541412398638
283	286	2.233073025930647
283	361	1.7210365951414712
283	374	1.8682181801888673
283	408	1.2062087314594805
283	470	1.8166391434116886
284	315	1.651380512319184
284	381	1.495500086573944
284	417	1.9568517915676167
284	451	2.1171347577199855
284	462	4.583522720930716
284	472	1.7017533756982972
285	346	1.9242959519140221
285	486	2.3255449192315973
286	288	2.1576249582712648
286	296	2.4499407427287414
286	388	2.4336705788326873
286	399	1.5049901121973857
286	410	1.9820431941365937
288	410	1.2928033850524536
288	428	1.6739087702468203
288	451	1.5261459149694674
288	468	2.3268877887663812
289	347	1.2736757966885566
289	352	2.4649417269621803
289	379	2.1088679685803275
289	407	2.408265319557576
289	460	2.2100649804267896
289	473	1.4149734576193307
290	326	3.916365213111984
290	360	1.2603670431948506
290	405	1.8088980138124902
290	413	2.0774218381272824
290	461	1.293330936948199
290	467	1.439130466204616
290	478	1.4631760165292649
290	490	2.0089645932040052
291	300	1.8960087924409463
291	438	1.938173717260605
291	470	1.7813713370723532
292	363	1.9881402600997515
292	450	1.2904282836645646
293	370	1.518541932957738
294	322	2.0157379032096716
294	368	2.212768215257977
294	388	2.0560614112006226
294	484	1.7324877925975808
295	313	1.6659495780494573
295	371	2.4251357201979094
295	418	2.1661467608916563
295	427	1.606349412195073
295	432	2.318271243494153
296	315	1.6999693497542232
296	348	1.4662835786182953
296	397	1.2535099115539994
296	483	2.3287865253019904
297	330	1.4197568391994182
297	354	1.7803108329667086
297	359	1.6998097375970234
297	365	2.302903887716395
297	367	2.2914226528101427
297	437	2.1691015406178016
298	351	2.9354720934292464
298	373	2.1900655323354608
298	435	2.3232043613077877
299	382	1.8764674815672882
299	385	3.6064124151485513
299	433	2.380148412936939
299	477	1.8906796143219524
300	384	1.3821632429439794
300	478	1.6233945602442645
300	481	1.760607453446041
300	498	1.8049833303004763
301	318	2.18083996761786
301	412	1.289526044794434
301	483	1.9519429587991997
302	322	2.485304090414213
302	400	2.070839281608877
302	437	2.039601407741308
302	457	1.5106965699316353
303	304	1.7401183799118267
303	324	2.3492873263789744
303	394	2.0390186594818234
303	401	2.270314252567696
303	446	1.7110703350996412
305	356	1.4931554077815856
305	377	1.7260106983419607
305	448	1.8005096073669933
305	449	1.7598159515678877
305	486	2.4183940784587126
306	319	1.6713898062737778
306	345	2.3500252486263626
306	409	1.6569576540358666
306	436	2.4615217584083076
306	476	1.522227050875513
307	346	1.4892535765180024
307	371	2.272741410218699
307	427	1.4673215611231454
307	455	2.040180573573651
308	316	4.704116885281849
308	323	1.5783134634238574
308	329	2.234175438199461
308	343	1.5103120341242406
308	488	2.186201831478093
309	340	1.4848853697377695
309	356	1.952020045587679
309	496	2.294427705207846
310	432	1.2966518658489183
311	343	1.2076221324871337
311	344	2.2857729714904824
311	386	2.3500809574715014
311	452	3.5190589459743187
312	320	3.542411625850555
312	324	2.1508734421849844
312	383	1.6003383006200522
312	445	2.1458246030464796
312	482	1.7633724782540847
312	489	2.3997036017960878
313	395	1.4190921570073964
313	422	2.4773367537126516
313	432	2.2856436257974044
313	435	1.240261245291371
313	495	2.267254464555114
314	465	1.5503878376185907
315	317	2.4761689118517722
315	381	1.9904155584093264
316	326	2.2287859483623738
316	333	2.314502535451094
316	343	1.7693761109217214
316	365	1.3450373779988232
316	485	2.2498606455276056
316	486	2.342813298775937
317	417	1.4085162962926379
317	454	2.0152434587234
318	358	1.4003962617834558
318	381	1.8372652139620331
318	391	2.018140844216447
318	472	1.4823718359737441
319	328	1.3569942319243713
319	338	2.051360317803062
319	366	2.082971180547743
319	408	2.4978636950987427
319	429	1.4610660987354958
319	435	1.4065581681792139
320	362	2.3224081515585757
320	378	2.3665012077381538
320	380	1.4301594658197558
320	428	2.2106564536729865
320	456	1.5479486171463954
320	486	2.1664408050033304
321	356	2.346720099321435
322	354	1.656808569444215
322	365	2.016500493815862
322	388	1.3828536762691628
322	400	2.8140963345745575
322	471	1.3017039744903738
322	484	1.5957935454369903
323	488	2.2111058605070593
323	494	2.403007962829318
324	403	2.3122986407288644
324	438	1.325802163104937
325	327	1.2240882521506902
325	369	2.2972722059048274
325	378	1.7303013394677524
325	457	1.798317428657215
326	392	1.6157135925029316
326	405	1.6339456623890363
326	443	1.4282077864279965
326	486	1.5530939477041281
327	352	2.052988156217407
327	353	2.3756977926347616
327	364	1.6345707517648949
327	385	1.7955722977559392
327	430	2.3464084808478805
327	474	1.5557489540007037
327	479	4.257528505858887
328	366	2.4451140862049447
329	344	3.728206763163315
329	347	1.8155411458600441
329	352	1.5494298024143986
329	383	1.257714212975242
329	462	2.4871547034428945
329	485	2.319427409265881
330	349	1.3199950601421735
330	394	1.3616034008011697
330	484	1.2546107433587184
331	334	2.344724653706705
331	407	1.8883120796618176
331	424	2.272998045615543
331	487	1.8853148938031392
332	340	1.4040102781343884
332	402	3.0925338380969056
332	429	2.486111703304304
332	450	1.9218914298993168
332	476	1.9051824331562077
333	355	2.3633339454858584
333	383	2.3653411455727027
333	403	1.7707245445930369
333	442	1.9449699183508828
334	362	1.3326959026680532
334	430	1.309357024396084
334	444	2.2836291386290366
334	460	1.8584872604578864
334	465	1.642223440769966
334	490	1.8491507229678104
335	369	1.5025688186285424
335	433	1.6828405949917447
336	399	1.6841181073301494
336	493	1.8914849483482008
336	496	2.034879571267795
337	372	1.4683073692591608
337	383	1.329269032159586
337	397	2.1979157083028724
337	421	2.3561425285905067
337	438	2.105051628697866
338	450	2.470885480447713
338	458	2.405565767152515
338	476	1.405665014093207
339	402	2.1235592412607347
339	450	1.3855622952392201
339	460	2.283251745077754
340	358	1.5777828874104276
340	368	2.11664637426255
340	370	2.02193907431072
340	439	2.492748534925636
340	448	1.589808963707914
341	366	4.553574180853748
341	402	1.4920897518030527
342	399	1.2136243039288233
342	412	1.7885710401112174
342	447	2.453938757016653
342	462	1.6328501237011832
342	472	2.294150148842845
343	346	1.6888760217233765
343	378	2.1242086820705484
343	416	1.3704305393437486
344	363	2.054923227676199
344	380	1.808242568381098
344	420	2.254074090784375
344	428	3.137409870724687
344	477	1.4643014271521482
345	363	2.4475602992699774
345	402	1.3181996290857683
345	466	1.4781530724867518
345	476	2.179813458629164
346	362	2.3170063422218
346	386	2.3014215039397072
346	430	2.0044037031458277
346	482	1.5337660452476363
347	362	4.486089184430956
347	378	1.6724561373208882
347	402	1.6402516796993956
347	428	1.6319722577925915
347	464	2.2943036462062296
347	485	1.5921020931964773
348	353	1.680587576475399
348	433	1.7444998428199603
348	474	2.1874741003671705
348	477	2.463150789009037
348	479	1.4237999646537536
349	427	1.2814725365351687
349	485	1.688394683344891
350	358	2.1700074326018526
350	359	1.8370593717755574
350	379	1.7999274491735968
350	388	4.085166653881114
350	400	1.6382719404314399
350	421	2.3482913335198834
350	484	1.8183463515137646
351	362	2.1814999535921444
351	467	1.2466849507857944
351	478	3.9172537466766086
352	419	2.167681249142143
352	434	3.8889549785566793
352	480	1.2514179326220842
353	364	2.15753571437358
353	375	1.8077329436364025
353	406	2.1248996979505526
353	477	1.508149840508479
354	359	1.4492994312064948
354	426	3.465539661536152
354	484	2.358505156086455
354	493	1.402055764763642
355	442	2.165200215774298
356	442	2.143327387155738
356	463	2.4062934875728157
358	387	1.9902869638697536
358	413	1.851847013965709
358	417	1.8676359969037943
358	454	1.9950112734899608
358	462	1.8743836132244702
358	465	2.1135784147143295
358	483	1.8621598450829446
359	400	2.420322797731531
360	439	1.7311788715193168
360	463	1.9918325079474375
360	478	1.5246299063735274
360	488	1.3311645016591518
360	491	1.2651150830661437
361	371	1.3734355076704443
361	387	1.8277721244777456
361	404	2.4524273167348754
363	450	2.4685251929895156
363	495	1.9742380607289625
364	369	2.280925252323471
364	382	2.3071873356154526
364	433	2.1538351746435436
365	407	1.2290079351028944
365	424	1.7531725932427091
365	469	1.697035743567399
365	487	1.3448536049287227
365	492	1.9228669006794892
365	499	2.1398670829552264
366	396	1.456681763003734
366	426	1.21827693289228
366	429	1.2439607807958941
366	466	1.4107368563048484
367	388	1.3195314492420647
367	426	2.3296835444265844
368	377	4.149323691560972
369	382	1.7477040710514051
369	477	2.4350444657612633
370	496	2.073648386135481
371	418	2.492171536875956
371	419	2.38817587718833
371	427	2.078342368578339
373	431	1.4151892936759936
373	467	1.7414371300866853
374	376	1.819313705749967
374	383	1.948199951825309
374	392	1.2021906555485247
374	443	1.732536680860338
374	498	1.8371422973299478
375	474	1.7647250008577635
376	490	1.9112155001634856
377	386	2.0650654092114853
377	393	2.2640615709047767
378	445	3.1011114919780036
379	410	1.3853131399499121
379	414	1.3035236792988032
379	460	1.4486780060976823
380	388	1.5715973422401888
380	452	1.8530265498313954
380	482	2.357192725379761
380	485	1.30034185406353
380	488	1.5592787352928823
380	489	2.325553646702474
380	490	2.378033863418813
381	391	2.2133328874504006
381	406	1.5846223115068503
381	417	2.19211541935336
381	462	2.1656106932275576
381	483	1.793087966522835
381	484	1.6436704292578224
383	410	1.392979530198679
383	442	2.206628102276124
384	407	1.5157738757132218
384	424	2.1141436318864755
384	465	2.179229818622894
385	430	1.5127394519202078
385	499	2.10999279741008
387	470	1.7300704800033924
388	413	1.7741916692449338
389	390	2.0388440557276883
389	410	2.316093843653312
389	492	1.7466328652027026
390	419	1.5389610322204177
391	413	1.3764419968861215
391	465	2.229675000508048
391	472	1.522744686346968
392	440	1.610875700020523
392	443	1.7639990456574126
392	461	1.9549059110016977
395	424	1.4367762257264651
395	475	2.0947770182697543
395	481	2.3045605960167252
395	487	1.9352403518395804
395	498	1.409646559561756
396	473	2.140427372492072
398	411	2.453882933530523
398	421	2.984883180154518
398	495	1.5223701547352766
399	413	1.4875014091755177
399	472	1.458331003629473
401	403	1.3187644454825422
402	450	2.0568920478218056
403	424	1.9161689952156298
403	438	1.732696563035994
404	415	2.1398684559572967
405	440	1.6525668836803815
405	443	1.3466632270585306
405	444	1.7459545263951308
406	433	1.4081767668034653
406	474	2.4368248559630192
407	460	1.46958478598666
407	489	1.343356324058781
407	499	2.1410659027000642
409	429	1.7309790814215655
411	421	2.0461878659821897
411	446	1.6565566011784063
412	417	2.0543386124049348
412	431	1.9530307733553183
412	462	1.7953306745778983
412	472	1.6641993799442507
412	492	2.0406630878683196
413	456	2.324702944860101
413	483	2.107900857225358
414	424	1.4575444685485466
414	444	1.6648997547598474
414	481	2.032140069194511
414	498	1.811531577271856
415	496	1.227033724709259
416	445	1.8642657412178916
416	452	2.2776490870660915
416	460	2.344636841209863
416	485	1.4505393269052964
416	486	1.6424805771161384
417	421	2.0548458684136737
418	443	1.3201121105214113
419	464	2.294814054119108
419	468	2.3057885827098463
419	497	2.0857402891838905
420	445	1.2045057002550708
420	486	1.4719347961062184
420	488	2.0154223185595717
421	442	1.7475878774783626
422	459	2.03791513571494
422	484	1.3598562336140034
424	442	1.5795399128588596
424	469	1.9145425504100813
424	473	1.3089880164042043
424	487	1.9354902954257516
424	496	2.0440536474379476
426	493	1.3640714531412577
427	459	1.4063679314440063
427	463	1.636422151559033
427	481	2.3910735344097724
427	497	2.1376615909198824
428	486	1.5948710525357335
429	495	1.348645282120913
431	451	1.8323255681329247
431	472	2.0848473041173934
432	455	2.3778895611925437
433	480	2.061193916874253
434	464	2.3478423522577945
436	441	1.2779160225425854
437	445	1.9525770603500103
437	481	1.6271768813672676
437	493	2.235427667489331
439	440	1.7534106761701014
440	491	1.2137233488907946
443	490	2.4593274923234136
444	469	1.9623425027841803
444	489	2.2264302741921482
444	498	1.5561671649327957
444	499	2.1067631821385713
445	485	2.447580829506751
445	495	2.455717056837326
447	490	2.1334316816539434
449	475	1.9815925374604286
449	498	2.475310570288017
451	454	1.9964376713632572
451	472	2.307475753410477
452	453	1.840232971521759
452	488	2.006259094807378
453	473	1.4070864757998356
453	493	2.189222263548717
454	462	2.008275522655408
454	465	1.3387403482619307
455	463	1.3444958302047667
455	473	2.1105230522293015
455	497	1.6208521427578402
456	486	2.422872627780583
456	489	1.9731660829757547
456	494	2.3235530726307525
461	486	2.458029187994024
462	472	1.8134871044103584
462	489	1.2953998005830385
464	488	2.236388309660166
464	497	1.7100837355506195
465	473	1.4459982809948488
465	483	2.1825943704752673
468	472	1.3109363400443936
469	473	2.3795341215231702
473	499	1.770565651636746
474	477	2.341298018761267
474	479	2.1076163817224463
474	493	1.8088263228319046
475	498	2.4974072168040564
477	485	2.0778363768902723
478	490	2.1545676551721042
481	487	1.3887059132697015
482	486	1.969075741394972
482	488	1.933062975503745
482	489	3.759989211329287
484	493	2.0221787448789583
485	489	1.8918466378939796
486	488	2.0545158342470087
487	499	1.699719682467311
